Students	2401
1	155 182 58 88
2	296 148 113 191
3	3 78 277 7
4	1 20 60 90
5	13 262 290 241
6	197 249 150 148
7	52 193 93 177
8	267 127 239 204
9	32 273 269 96
10	224 293 275 138
11	295 236 242 52
12	85 249 110 20
13	70 126 16 111
14	18 148 15 187
15	113 18 85 76
16	298 261 198 16
17	230 9 165 180
18	195 249 181 280
19	202 36 177 204
20	26 34 140 277
21	240 183 133 44
22	216 118 26 7
23	244 120 33 251
24	237 60 14 229
25	74 72 265 67
26	124 259 295 76
27	191 20 135 225
28	102 121 130 32
29	169 253 103 56
30	37 186 27 164
31	289 29 89 280
32	134 32 66 99
33	251 178 56 135
34	33 49 212 205
35	73 43 223 22
36	93 228 193 49
37	96 173 265 11
38	144 254 196 54
39	290 115 183 276
40	124 74 36 291
41	170 95 189 200
42	260 109 115 283
43	64 148 163 270
44	144 201 154 203
45	224 52 57 191
46	110 218 179 84
47	271 140 284 101
48	103 13 238 159
49	266 210 64 268
50	166 230 37 289
51	224 278 293 102
52	187 118 269 4
53	295 145 103 17
54	189 103 12 137
55	267 25 66 206
56	126 59 271 196
57	99 8 257 12
58	235 73 147 224
59	182 230 93 147
60	77 254 157 143
61	218 212 148 32
62	83 277 165 168
63	283 223 51 167
64	110 245 199 191
65	2 34 139 149
66	63 215 16 193
67	272 176 201 210
68	118 38 226 158
69	37 48 30 183
70	213 136 61 111
71	176 182 253 19
72	185 217 215 258
73	74 1 69 56
74	249 228 244 96
75	260 181 8 77
76	140 30 41 19
77	242 200 29 209
78	50 297 181 73
79	35 174 210 57
80	4 113 196 277
81	67 147 209 103
82	259 47 227 187
83	251 252 217 76
84	244 116 203 44
85	149 230 207 220
86	83 272 228 29
87	103 2 53 21
88	292 249 42 54
89	86 25 255 164
90	219 227 296 223
91	223 147 62 174
92	263 35 201 136
93	126 87 222 52
94	253 292 203 242
95	60 180 182 238
96	243 149 128 55
97	16 261 45 197
98	164 299 192 149
99	155 88 178 161
100	27 246 56 222
101	160 154 281 258
102	82 64 253 10
103	223 265 32 239
104	270 175 243 154
105	75 186 85 83
106	279 19 220 250
107	298 119 160 233
108	220 133 29 183
109	167 195 144 153
110	227 219 270 19
111	200 72 167 210
112	217 44 259 3
113	199 29 93 192
114	67 198 68 133
115	71 54 161 266
116	292 34 108 79
117	148 158 82 144
118	219 160 9 113
119	173 22 151 109
120	183 290 6 143
121	56 278 276 273
122	180 263 117 128
123	7 60 8 208
124	160 6 220 273
125	144 277 189 156
126	113 151 42 69
127	215 79 287 158
128	110 249 46 180
129	158 99 175 6
130	91 186 168 3
131	66 242 94 259
132	213 276 292 280
133	65 94 210 231
134	191 180 14 252
135	191 28 93 12
136	28 7 157 260
137	168 229 154 274
138	273 117 154 204
139	277 26 142 280
140	287 119 51 292
141	85 163 257 114
142	54 168 101 273
143	232 40 22 63
144	265 135 256 54
145	192 99 26 177
146	24 95 287 86
147	201 66 55 166
148	135 6 170 67
149	203 11 279 12
150	199 298 131 145
151	295 259 20 46
152	124 1 196 51
153	133 10 44 26
154	125 235 176 213
155	64 2 236 296
156	52 71 60 164
157	255 185 173 187
158	278 244 140 23
159	226 161 43 175
160	181 241 277 273
161	73 149 105 140
162	11 233 105 187
163	231 61 112 102
164	242 39 93 272
165	246 70 64 195
166	167 204 150 76
167	29 40 65 178
168	97 181 274 47
169	149 258 104 275
170	233 159 99 289
171	60 56 94 299
172	258 165 22 160
173	259 51 24 41
174	116 277 227 28
175	196 255 292 269
176	179 238 135 186
177	82 115 107 131
178	171 267 261 161
179	196 128 245 238
180	176 45 42 132
181	88 52 279 78
182	104 148 65 21
183	153 206 257 14
184	256 168 87 234
185	299 75 171 191
186	132 287 95 89
187	54 85 285 124
188	51 229 133 197
189	247 8 242 117
190	72 122 54 252
191	66 171 230 35
192	198 194 14 220
193	15 9 286 31
194	196 136 296 232
195	237 184 195 146
196	199 211 255 241
197	4 21 139 289
198	268 58 63 135
199	159 171 7 115
200	155 80 45 173
201	207 111 265 273
202	153 116 232 52
203	142 208 73 285
204	66 121 21 126
205	83 44 263 206
206	65 259 19 133
207	95 198 11 131
208	38 193 108 244
209	239 105 52 202
210	88 128 282 189
211	204 289 278 24
212	25 288 120 177
213	300 156 112 189
214	196 251 293 115
215	68 170 77 92
216	219 195 106 96
217	289 13 282 225
218	250 167 182 33
219	222 25 229 237
220	252 11 224 103
221	70 58 262 187
222	152 131 282 86
223	158 47 242 13
224	276 38 247 98
225	122 229 251 2
226	76 143 115 152
227	230 243 191 137
228	201 142 108 135
229	61 228 159 212
230	100 107 140 198
231	278 122 75 152
232	82 197 283 64
233	153 52 209 99
234	75 211 105 149
235	55 217 12 171
236	131 154 128 270
237	103 252 255 123
238	157 193 82 2
239	7 2 41 263
240	219 197 211 131
241	26 110 278 5
242	219 94 218 180
243	161 278 69 169
244	148 95 67 16
245	247 280 56 14
246	91 77 81 108
247	105 200 150 117
248	216 95 203 147
249	132 82 71 178
250	61 135 244 279
251	247 248 128 272
252	8 24 258 182
253	112 171 13 70
254	221 195 89 179
255	72 52 60 87
256	266 40 176 119
257	198 266 226 298
258	245 61 181 76
259	224 178 221 74
260	161 236 210 176
261	91 89 145 28
262	46 190 289 19
263	59 269 181 190
264	60 297 142 113
265	57 263 140 219
266	74 159 83 278
267	68 119 79 241
268	165 159 1 6
269	293 35 42 138
270	35 206 8 51
271	53 112 151 221
272	166 21 118 72
273	218 161 29 2
274	39 136 222 4
275	200 246 286 152
276	49 202 241 214
277	73 151 12 146
278	127 209 61 207
279	295 47 2 193
280	128 254 197 42
281	92 160 12 134
282	218 286 246 115
283	165 221 194 124
284	2 78 183 175
285	97 172 249 42
286	178 175 265 77
287	53 110 267 35
288	68 178 24 42
289	25 22 280 295
290	110 4 184 79
291	249 54 267 268
292	17 81 115 26
293	182 250 240 30
294	110 122 73 174
295	30 156 283 195
296	219 291 246 34
297	89 272 94 117
298	38 104 153 221
299	201 220 273 27
300	252 49 86 69
301	271 24 86 164
302	209 106 90 262
303	127 15 231 295
304	49 43 54 147
305	284 209 260 283
306	84 95 110 208
307	292 258 112 39
308	156 60 219 196
309	198 258 273 100
310	233 55 97 291
311	238 36 173 197
312	126 290 2 98
313	188 75 235 224
314	296 148 102 229
315	70 224 98 189
316	105 28 64 95
317	173 32 47 23
318	157 169 67 197
319	9 37 123 25
320	266 215 25 56
321	28 38 210 59
322	219 130 266 204
323	63 45 262 289
324	8 137 125 71
325	58 99 246 188
326	30 264 87 217
327	118 137 186 126
328	258 27 121 296
329	28 228 24 12
330	32 125 186 278
331	208 21 233 118
332	160 36 251 273
333	290 235 125 282
334	275 261 61 122
335	5 127 55 280
336	118 171 35 76
337	285 70 247 279
338	147 33 296 135
339	57 170 94 13
340	225 115 108 282
341	94 194 74 226
342	4 139 97 234
343	282 253 262 37
344	64 135 208 236
345	64 85 122 186
346	262 120 45 11
347	130 125 288 89
348	166 151 260 219
349	178 213 278 17
350	33 213 203 255
351	22 171 34 249
352	20 179 282 217
353	55 89 115 298
354	94 179 198 16
355	290 205 187 18
356	18 88 98 86
357	182 237 97 212
358	71 236 25 39
359	210 69 248 153
360	153 264 200 282
361	251 92 170 95
362	226 58 121 71
363	112 59 90 16
364	300 30 81 291
365	164 120 93 278
366	278 221 202 120
367	292 222 29 106
368	140 96 27 80
369	38 17 262 210
370	107 98 64 227
371	158 24 149 277
372	137 40 162 66
373	110 233 32 103
374	16 54 196 264
375	190 258 269 156
376	237 218 163 255
377	31 32 235 255
378	146 265 137 184
379	101 147 254 222
380	278 177 190 216
381	92 70 153 157
382	178 287 96 284
383	123 72 87 4
384	123 117 14 74
385	131 171 289 156
386	259 235 13 248
387	147 19 167 110
388	47 12 26 154
389	4 118 155 156
390	242 51 219 287
391	212 126 207 201
392	155 95 56 203
393	230 287 158 76
394	122 275 131 291
395	202 181 25 62
396	91 178 146 166
397	232 220 258 279
398	110 43 190 174
399	3 92 181 240
400	89 142 252 300
401	136 173 133 264
402	77 74 26 147
403	235 143 176 251
404	260 120 162 56
405	112 6 272 277
406	266 233 16 77
407	154 190 129 277
408	217 181 69 255
409	48 21 177 74
410	138 167 249 110
411	189 75 201 2
412	287 260 220 31
413	14 16 148 247
414	117 252 38 55
415	158 262 225 53
416	264 11 244 144
417	241 160 285 213
418	248 113 227 175
419	187 8 263 161
420	98 64 20 58
421	21 82 30 195
422	64 190 187 113
423	20 43 197 242
424	113 22 146 244
425	118 222 132 268
426	149 167 6 270
427	286 7 134 171
428	223 235 112 264
429	132 216 297 54
430	240 183 201 92
431	74 173 97 77
432	114 194 42 62
433	283 277 57 189
434	3 31 142 227
435	258 260 220 39
436	199 219 111 55
437	250 200 10 289
438	108 60 176 256
439	197 45 232 6
440	275 170 16 248
441	239 241 154 244
442	32 21 226 230
443	25 201 193 6
444	16 130 104 230
445	182 87 68 16
446	161 177 74 206
447	11 179 189 40
448	277 182 17 173
449	260 250 241 192
450	70 68 69 288
451	119 4 96 243
452	291 21 188 39
453	173 134 227 162
454	56 5 17 42
455	99 36 249 193
456	125 231 104 75
457	152 242 280 4
458	237 144 204 38
459	156 289 95 206
460	51 69 251 54
461	250 201 163 292
462	8 125 151 110
463	245 130 95 221
464	20 97 107 227
465	192 175 54 207
466	288 9 229 122
467	271 184 39 148
468	279 122 246 101
469	47 236 252 233
470	100 156 128 190
471	121 247 185 70
472	80 129 71 171
473	83 190 47 3
474	165 44 174 252
475	57 83 66 159
476	30 76 293 294
477	41 134 164 163
478	281 203 284 239
479	7 147 93 80
480	208 25 141 152
481	196 171 47 233
482	249 136 101 191
483	124 202 20 160
484	109 12 143 93
485	252 143 198 262
486	23 217 58 94
487	134 28 68 91
488	284 42 52 163
489	260 75 46 42
490	39 27 18 41
491	28 262 56 254
492	59 122 103 191
493	273 244 122 296
494	147 283 127 285
495	261 60 183 97
496	130 72 178 233
497	1 11 102 288
498	83 91 269 132
499	93 194 179 241
500	100 34 246 210
501	150 9 294 261
502	8 198 300 77
503	249 172 233 56
504	27 241 60 32
505	258 60 95 286
506	40 227 20 250
507	291 246 250 234
508	145 231 126 59
509	262 276 218 174
510	131 139 299 32
511	40 35 102 150
512	148 100 294 51
513	151 266 283 10
514	260 20 263 165
515	70 286 273 283
516	149 235 209 220
517	4 146 226 75
518	72 215 225 70
519	279 259 8 249
520	68 182 249 271
521	12 232 250 188
522	154 253 288 227
523	101 86 24 161
524	296 120 114 198
525	219 262 137 90
526	44 225 277 97
527	117 162 144 216
528	259 65 162 81
529	56 271 300 125
530	115 215 73 97
531	81 154 253 80
532	259 111 101 88
533	233 218 129 112
534	167 98 150 31
535	158 46 189 19
536	65 293 266 187
537	20 51 61 16
538	234 254 42 264
539	257 251 230 88
540	107 217 272 16
541	139 136 96 138
542	184 253 86 285
543	193 46 23 93
544	66 206 92 67
545	231 4 122 103
546	159 129 135 184
547	211 248 176 77
548	280 47 19 289
549	86 285 21 218
550	101 227 110 157
551	271 187 8 294
552	8 234 205 110
553	47 232 280 110
554	247 206 153 104
555	157 181 27 278
556	208 162 281 25
557	15 64 22 174
558	92 226 7 278
559	165 11 77 12
560	242 92 216 214
561	130 62 228 15
562	263 251 10 119
563	101 236 85 272
564	202 10 51 89
565	297 120 223 131
566	49 198 260 66
567	17 184 176 215
568	240 128 63 288
569	213 142 222 277
570	170 57 205 23
571	228 104 281 185
572	93 193 10 126
573	246 298 150 83
574	33 50 106 278
575	270 161 111 171
576	150 53 54 250
577	206 122 51 300
578	148 127 190 10
579	226 263 85 205
580	121 5 104 106
581	100 39 242 129
582	268 84 122 40
583	219 43 202 212
584	129 269 19 213
585	184 120 132 19
586	28 136 95 213
587	57 270 202 175
588	199 276 200 203
589	193 215 149 34
590	117 87 145 184
591	97 290 162 260
592	249 83 116 228
593	125 274 193 12
594	121 160 262 59
595	109 202 96 120
596	134 65 72 126
597	206 30 11 106
598	228 197 161 115
599	290 89 191 116
600	225 192 202 257
601	34 135 191 283
602	97 291 131 115
603	226 140 53 181
604	271 154 222 259
605	2 143 209 225
606	249 248 284 217
607	139 237 191 176
608	240 31 263 150
609	217 57 185 81
610	150 192 92 30
611	40 266 46 71
612	109 100 126 94
613	43 69 39 170
614	87 111 10 155
615	122 47 255 108
616	184 275 76 96
617	97 283 38 123
618	290 271 59 239
619	112 116 224 277
620	8 194 6 82
621	33 288 216 118
622	207 172 167 142
623	208 72 199 178
624	248 143 74 89
625	166 281 233 271
626	250 214 33 227
627	89 270 6 282
628	113 75 281 299
629	52 212 37 127
630	115 228 259 96
631	180 293 101 249
632	12 224 56 105
633	293 300 296 53
634	235 83 59 106
635	212 23 19 186
636	171 11 157 197
637	233 254 136 90
638	131 101 196 258
639	96 265 185 270
640	92 26 262 77
641	211 26 259 287
642	67 298 53 141
643	100 223 226 270
644	212 13 122 241
645	279 179 149 21
646	224 221 40 69
647	102 8 201 237
648	1 217 193 75
649	19 46 299 181
650	49 71 206 33
651	152 231 131 143
652	6 53 166 269
653	210 18 87 171
654	240 225 112 72
655	165 120 196 205
656	130 114 175 29
657	17 291 4 54
658	287 278 254 26
659	236 161 143 104
660	8 119 230 161
661	229 144 214 248
662	161 292 75 20
663	148 40 106 193
664	207 180 128 37
665	39 141 91 242
666	133 119 192 100
667	2 158 41 70
668	69 237 25 276
669	162 77 160 296
670	264 222 118 224
671	104 23 129 127
672	84 73 176 209
673	230 13 151 239
674	289 24 173 70
675	84 158 92 129
676	240 30 176 293
677	109 57 127 81
678	107 49 202 10
679	25 74 230 280
680	2 188 258 202
681	121 105 58 9
682	221 145 44 177
683	136 285 175 157
684	224 49 36 217
685	76 139 140 124
686	113 202 222 16
687	93 190 119 256
688	174 272 89 84
689	45 35 93 39
690	42 289 161 192
691	139 223 59 152
692	40 234 130 104
693	219 260 182 53
694	189 195 22 100
695	96 262 169 269
696	153 18 213 298
697	251 120 238 266
698	106 239 46 202
699	56 138 89 239
700	227 150 61 137
701	60 225 183 100
702	29 176 24 186
703	244 90 101 58
704	221 32 115 248
705	259 284 140 266
706	24 131 216 59
707	265 18 194 257
708	257 152 21 124
709	73 288 211 67
710	91 220 20 251
711	244 109 103 159
712	289 116 185 117
713	159 8 261 147
714	267 129 246 288
715	245 50 136 95
716	150 49 238 145
717	50 75 205 206
718	215 69 66 115
719	50 55 180 34
720	149 30 224 94
721	160 164 56 278
722	80 196 116 3
723	137 36 133 259
724	235 155 217 292
725	68 163 247 94
726	196 63 110 26
727	200 214 176 73
728	111 244 176 101
729	244 27 46 153
730	233 44 153 267
731	273 81 238 71
732	34 159 168 274
733	59 269 188 70
734	290 208 101 226
735	14 269 165 92
736	250 239 99 289
737	56 39 105 73
738	163 45 240 58
739	159 2 206 154
740	239 84 219 201
741	202 3 150 81
742	73 236 216 50
743	9 134 280 272
744	37 86 210 161
745	81 106 242 154
746	111 201 248 7
747	182 67 213 133
748	28 230 242 66
749	143 78 10 289
750	198 254 159 157
751	40 78 278 75
752	20 241 139 66
753	281 131 18 122
754	229 201 68 80
755	105 67 210 182
756	215 133 18 52
757	53 117 275 281
758	105 128 145 164
759	285 220 287 47
760	220 200 216 1
761	154 226 55 219
762	286 166 232 128
763	48 239 194 121
764	16 229 73 80
765	112 35 133 91
766	46 175 79 230
767	70 217 223 96
768	55 4 101 206
769	14 175 15 183
770	69 14 149 136
771	88 60 48 278
772	218 60 251 46
773	239 14 113 17
774	256 63 133 94
775	236 107 191 255
776	163 3 72 54
777	257 159 65 260
778	257 120 76 20
779	205 124 217 23
780	34 298 251 229
781	252 299 253 241
782	235 214 66 231
783	39 290 244 73
784	179 56 133 197
785	110 7 81 296
786	32 23 25 148
787	157 239 2 234
788	170 7 174 156
789	287 260 224 79
790	297 139 23 111
791	219 87 208 231
792	84 110 12 276
793	26 216 1 146
794	175 192 228 185
795	260 85 229 15
796	120 195 289 121
797	275 21 98 127
798	159 67 149 221
799	191 56 21 119
800	180 48 282 296
801	104 49 195 60
802	248 83 169 142
803	180 183 8 258
804	202 232 218 228
805	118 272 48 191
806	51 225 68 90
807	289 283 124 187
808	22 157 169 158
809	24 239 45 234
810	134 131 100 145
811	205 174 238 295
812	293 269 71 183
813	94 195 43 158
814	3 91 61 293
815	8 207 34 83
816	100 225 95 66
817	125 75 142 44
818	258 99 269 217
819	253 234 120 262
820	143 47 81 39
821	95 53 250 26
822	286 72 37 35
823	59 143 187 179
824	69 203 99 133
825	171 127 167 112
826	44 224 117 203
827	51 50 31 32
828	201 243 104 219
829	212 184 172 143
830	175 61 45 62
831	266 161 27 53
832	266 183 297 260
833	163 254 91 153
834	154 229 299 298
835	47 27 108 271
836	126 221 16 81
837	151 165 296 6
838	253 133 81 244
839	73 55 281 59
840	87 139 211 130
841	29 251 49 260
842	264 226 162 231
843	197 61 103 64
844	207 106 273 2
845	76 90 259 40
846	206 243 88 2
847	262 273 141 251
848	193 137 57 168
849	277 245 62 22
850	87 154 238 79
851	247 41 259 159
852	171 68 23 131
853	132 292 259 71
854	42 166 228 11
855	284 18 246 114
856	42 193 158 277
857	21 120 126 36
858	109 292 105 188
859	44 82 244 155
860	22 32 21 57
861	39 191 25 15
862	233 11 148 60
863	78 79 102 194
864	82 218 58 261
865	28 59 134 255
866	292 53 275 67
867	72 59 29 271
868	243 200 208 241
869	196 164 167 107
870	278 276 95 153
871	252 19 212 57
872	77 128 265 170
873	189 282 39 222
874	241 298 294 85
875	244 148 15 50
876	264 241 87 141
877	300 180 27 194
878	124 195 132 91
879	294 101 164 98
880	164 217 248 270
881	170 128 137 168
882	278 95 252 20
883	70 88 35 144
884	137 227 30 245
885	49 220 53 280
886	67 144 137 8
887	22 110 85 230
888	202 58 111 86
889	220 88 179 286
890	153 239 76 110
891	38 189 70 198
892	134 212 27 284
893	45 255 213 107
894	153 36 121 53
895	3 78 25 73
896	253 231 42 128
897	237 62 102 256
898	156 183 199 43
899	56 15 298 134
900	198 24 105 273
901	36 95 138 270
902	290 115 207 35
903	200 281 33 44
904	243 185 287 96
905	253 274 77 271
906	78 121 198 38
907	236 78 136 84
908	201 26 13 267
909	106 199 219 35
910	16 157 245 205
911	106 240 69 119
912	18 261 49 2
913	157 272 259 227
914	56 272 247 157
915	263 245 56 91
916	252 231 207 191
917	31 106 202 41
918	293 73 299 20
919	230 181 300 210
920	95 36 159 226
921	67 132 209 263
922	183 138 243 74
923	182 93 243 1
924	275 25 98 157
925	242 41 215 120
926	233 262 85 161
927	283 14 119 210
928	253 60 73 54
929	268 116 227 107
930	251 286 34 73
931	63 151 172 293
932	199 151 286 257
933	42 163 202 198
934	40 56 193 144
935	202 181 255 140
936	12 230 141 247
937	4 129 260 69
938	75 200 19 106
939	178 285 129 94
940	17 209 255 253
941	142 276 286 219
942	100 121 136 74
943	275 17 9 276
944	257 45 6 195
945	37 39 122 234
946	236 158 148 86
947	64 181 51 35
948	157 205 57 225
949	45 188 142 150
950	274 245 2 98
951	215 83 267 173
952	143 299 176 1
953	150 93 289 110
954	111 82 196 31
955	190 258 8 202
956	219 25 157 230
957	47 231 196 208
958	142 188 130 95
959	24 208 153 66
960	252 57 11 147
961	131 98 111 77
962	222 12 242 247
963	108 184 101 211
964	127 254 165 17
965	197 24 30 262
966	54 116 180 71
967	111 7 52 279
968	134 172 102 95
969	191 184 282 71
970	249 9 165 122
971	224 212 86 248
972	21 230 150 255
973	105 127 68 129
974	193 138 190 198
975	209 75 293 283
976	284 159 170 62
977	77 52 142 299
978	129 227 207 29
979	191 59 271 28
980	94 125 184 226
981	5 204 170 62
982	70 111 8 183
983	154 95 41 17
984	249 84 272 241
985	168 73 95 19
986	59 142 221 177
987	30 9 26 82
988	287 83 56 88
989	83 297 40 178
990	215 249 43 87
991	7 24 249 83
992	167 160 77 102
993	267 98 48 284
994	87 49 31 200
995	95 97 65 117
996	32 238 26 90
997	112 232 178 294
998	147 72 150 161
999	39 157 208 264
1000	33 223 260 255
1001	173 228 86 27
1002	235 284 165 75
1003	70 98 290 3
1004	157 8 232 250
1005	125 46 257 128
1006	21 15 230 76
1007	124 262 295 219
1008	79 53 114 280
1009	224 181 273 233
1010	66 126 195 45
1011	283 207 246 274
1012	30 285 298 118
1013	101 292 26 218
1014	300 274 145 70
1015	204 240 122 120
1016	153 242 90 104
1017	155 132 9 283
1018	16 63 250 165
1019	158 74 86 80
1020	102 165 49 147
1021	129 2 154 186
1022	288 81 168 287
1023	70 122 233 17
1024	78 86 124 50
1025	3 171 87 134
1026	147 70 152 228
1027	260 248 57 268
1028	128 91 288 19
1029	300 224 137 210
1030	154 271 36 264
1031	107 142 26 212
1032	253 149 195 33
1033	226 26 99 69
1034	84 49 216 197
1035	285 172 186 16
1036	83 130 176 87
1037	175 123 46 149
1038	300 283 41 209
1039	162 147 140 52
1040	234 58 272 131
1041	264 110 48 278
1042	264 181 277 123
1043	37 86 295 93
1044	44 167 71 90
1045	156 235 66 38
1046	250 122 37 275
1047	279 141 131 255
1048	67 81 294 215
1049	131 7 118 163
1050	140 77 277 252
1051	86 218 275 88
1052	29 72 259 234
1053	207 90 209 226
1054	97 188 126 100
1055	92 220 132 245
1056	64 234 59 221
1057	81 196 248 18
1058	284 152 105 90
1059	42 85 41 26
1060	130 282 56 5
1061	141 285 294 297
1062	295 205 51 184
1063	120 290 204 146
1064	70 250 187 240
1065	219 239 296 116
1066	71 95 271 258
1067	246 288 144 235
1068	51 78 259 187
1069	213 12 87 234
1070	25 300 171 52
1071	253 282 255 294
1072	123 144 87 89
1073	27 78 240 42
1074	120 300 268 219
1075	77 211 176 169
1076	231 12 258 42
1077	135 53 29 51
1078	69 196 82 76
1079	257 181 251 128
1080	257 134 296 238
1081	26 90 274 96
1082	30 147 253 13
1083	23 97 254 121
1084	12 51 192 125
1085	227 241 273 202
1086	201 35 46 140
1087	190 131 300 154
1088	1 28 21 270
1089	167 274 36 35
1090	207 70 77 65
1091	30 230 284 80
1092	177 105 123 238
1093	282 295 113 82
1094	143 182 138 191
1095	160 296 17 255
1096	19 49 130 153
1097	237 149 32 111
1098	224 33 193 67
1099	140 78 76 99
1100	182 99 88 293
1101	253 109 156 21
1102	245 211 125 65
1103	172 168 150 271
1104	33 151 81 40
1105	223 245 298 119
1106	232 180 237 9
1107	236 288 117 104
1108	148 192 253 57
1109	107 82 251 30
1110	169 47 83 91
1111	73 152 189 59
1112	22 73 188 178
1113	45 269 212 22
1114	39 59 183 255
1115	119 129 102 104
1116	238 90 293 7
1117	221 226 115 188
1118	282 244 156 257
1119	11 250 147 12
1120	83 297 96 283
1121	266 244 214 228
1122	194 266 56 296
1123	67 29 262 153
1124	300 189 154 155
1125	188 61 244 232
1126	201 237 111 99
1127	75 188 127 205
1128	35 113 226 259
1129	73 114 296 231
1130	281 37 99 101
1131	56 222 249 219
1132	206 201 267 6
1133	72 70 256 294
1134	32 108 6 44
1135	187 224 207 123
1136	96 138 41 21
1137	195 73 196 273
1138	289 230 47 298
1139	198 162 212 116
1140	161 202 155 84
1141	64 46 231 226
1142	259 15 53 169
1143	77 93 197 29
1144	99 139 177 70
1145	92 268 260 175
1146	107 144 56 150
1147	145 37 30 234
1148	215 65 75 90
1149	200 184 79 72
1150	127 150 107 129
1151	98 144 32 209
1152	92 109 195 270
1153	78 28 110 289
1154	280 34 138 64
1155	5 53 138 236
1156	38 124 167 135
1157	268 278 100 40
1158	70 146 131 88
1159	34 299 26 45
1160	74 252 201 273
1161	109 59 80 222
1162	1 171 54 94
1163	228 24 208 56
1164	297 208 230 97
1165	79 163 182 114
1166	238 217 298 127
1167	251 9 259 79
1168	209 16 181 246
1169	219 268 163 277
1170	260 185 105 278
1171	2 21 26 60
1172	105 217 7 260
1173	237 54 180 57
1174	72 258 273 53
1175	229 243 138 6
1176	178 235 207 254
1177	14 259 214 62
1178	26 58 292 267
1179	19 137 21 206
1180	262 265 103 67
1181	259 31 138 274
1182	269 56 226 82
1183	41 158 79 246
1184	219 121 165 238
1185	104 248 76 126
1186	295 206 70 193
1187	154 109 94 171
1188	168 261 100 266
1189	203 31 199 48
1190	101 181 122 128
1191	125 12 67 56
1192	89 67 44 145
1193	212 160 58 156
1194	256 200 64 220
1195	8 147 191 279
1196	244 265 17 168
1197	242 178 44 127
1198	82 144 261 87
1199	255 37 115 25
1200	197 48 63 110
1201	36 129 202 140
1202	181 188 144 69
1203	132 86 88 101
1204	279 159 87 148
1205	115 127 84 251
1206	157 2 72 3
1207	259 138 151 226
1208	225 76 203 230
1209	126 78 267 74
1210	20 25 68 37
1211	20 300 187 133
1212	204 112 107 26
1213	184 44 196 175
1214	134 264 115 157
1215	137 106 142 228
1216	164 220 286 6
1217	196 178 218 227
1218	265 102 232 162
1219	102 134 144 57
1220	144 33 124 45
1221	108 187 26 5
1222	225 173 144 268
1223	90 30 155 107
1224	248 28 279 93
1225	14 119 170 254
1226	231 35 113 51
1227	84 142 271 269
1228	274 179 112 232
1229	111 236 19 246
1230	92 197 30 163
1231	147 230 165 71
1232	196 293 229 214
1233	254 250 280 33
1234	284 269 190 120
1235	205 137 157 151
1236	36 169 163 148
1237	42 285 147 283
1238	152 181 232 134
1239	111 9 80 90
1240	4 255 282 78
1241	184 128 9 64
1242	77 243 25 59
1243	257 295 120 287
1244	183 187 203 72
1245	41 109 245 281
1246	265 134 31 34
1247	50 218 257 4
1248	14 238 155 236
1249	14 200 119 299
1250	69 192 270 52
1251	210 161 252 171
1252	153 198 258 10
1253	160 260 247 225
1254	212 253 270 281
1255	146 283 126 35
1256	86 259 261 143
1257	94 252 128 270
1258	48 3 265 267
1259	129 8 30 56
1260	244 47 72 175
1261	58 143 220 142
1262	187 95 245 34
1263	203 208 143 293
1264	243 143 262 178
1265	125 92 48 50
1266	183 18 165 173
1267	203 8 62 79
1268	212 42 32 290
1269	253 148 117 152
1270	258 192 156 199
1271	184 90 247 92
1272	3 52 82 55
1273	117 228 169 204
1274	228 245 283 219
1275	70 88 45 165
1276	111 26 218 244
1277	90 37 206 282
1278	242 187 69 221
1279	90 281 110 97
1280	115 178 176 17
1281	43 142 270 269
1282	252 183 152 93
1283	41 142 284 254
1284	136 30 268 61
1285	188 134 146 56
1286	275 97 166 227
1287	16 188 13 72
1288	79 291 266 206
1289	177 26 243 79
1290	24 49 153 272
1291	171 150 13 108
1292	193 254 182 209
1293	239 59 152 95
1294	102 27 39 238
1295	227 50 105 187
1296	272 183 12 152
1297	126 147 194 180
1298	203 228 156 151
1299	30 55 185 277
1300	212 142 6 76
1301	251 214 185 253
1302	11 167 236 212
1303	150 1 27 152
1304	269 256 37 35
1305	76 165 293 86
1306	23 132 66 229
1307	145 59 99 280
1308	221 71 279 291
1309	140 211 265 148
1310	99 39 298 165
1311	9 60 253 173
1312	83 198 283 201
1313	38 225 160 157
1314	44 168 190 137
1315	296 59 275 9
1316	249 8 220 135
1317	16 169 277 183
1318	278 267 77 232
1319	110 297 173 72
1320	230 246 210 147
1321	31 184 239 1
1322	276 65 33 56
1323	19 232 266 130
1324	205 227 284 58
1325	140 218 236 152
1326	39 139 164 91
1327	11 85 62 275
1328	137 197 121 10
1329	169 280 285 111
1330	292 131 202 186
1331	68 170 267 15
1332	289 60 197 29
1333	247 93 69 136
1334	171 57 88 206
1335	183 279 288 270
1336	154 90 58 194
1337	291 284 180 261
1338	261 60 279 152
1339	54 236 213 133
1340	81 78 296 107
1341	201 134 264 143
1342	7 22 1 99
1343	234 138 93 95
1344	61 296 180 26
1345	189 179 146 286
1346	180 207 149 119
1347	13 59 247 130
1348	104 267 84 81
1349	142 30 190 109
1350	194 9 102 265
1351	271 78 4 122
1352	76 215 89 12
1353	160 208 106 206
1354	41 147 64 86
1355	124 161 253 4
1356	62 120 163 273
1357	265 237 142 23
1358	274 106 134 108
1359	70 143 239 38
1360	175 236 250 83
1361	108 242 68 125
1362	211 163 43 257
1363	35 69 273 118
1364	83 212 159 149
1365	102 115 247 266
1366	265 152 199 277
1367	227 182 156 284
1368	210 164 287 178
1369	171 240 205 273
1370	253 112 292 175
1371	60 243 263 23
1372	63 281 9 67
1373	76 273 290 158
1374	112 22 29 39
1375	110 15 282 244
1376	267 279 89 266
1377	148 5 293 33
1378	218 42 44 36
1379	177 252 98 36
1380	105 144 99 86
1381	104 250 71 95
1382	264 170 28 286
1383	212 257 132 13
1384	47 217 201 296
1385	280 225 296 162
1386	90 191 257 246
1387	280 230 17 84
1388	285 299 244 7
1389	211 50 82 256
1390	63 159 139 107
1391	253 214 100 70
1392	265 52 94 273
1393	54 291 105 118
1394	176 70 136 67
1395	233 234 20 83
1396	256 161 116 279
1397	215 37 88 125
1398	157 133 11 50
1399	107 297 66 290
1400	54 156 161 269
1401	288 150 4 137
1402	217 156 214 93
1403	276 186 1 98
1404	207 263 41 219
1405	24 138 10 92
1406	70 192 88 210
1407	24 267 12 157
1408	125 66 4 165
1409	290 221 223 237
1410	207 216 188 112
1411	219 103 123 152
1412	92 1 109 32
1413	288 202 298 149
1414	207 240 121 147
1415	45 134 182 144
1416	207 95 201 230
1417	245 274 69 293
1418	18 268 256 74
1419	25 65 209 71
1420	114 26 120 121
1421	276 290 167 25
1422	40 159 67 197
1423	277 284 53 224
1424	204 175 180 258
1425	9 119 112 121
1426	92 149 107 121
1427	112 85 119 151
1428	198 102 232 254
1429	8 138 158 10
1430	140 151 219 105
1431	69 78 147 164
1432	132 244 169 139
1433	128 140 41 27
1434	36 229 231 122
1435	43 16 47 58
1436	120 126 51 213
1437	209 61 142 221
1438	79 216 116 253
1439	148 157 250 239
1440	166 257 164 189
1441	163 48 174 179
1442	89 129 274 73
1443	238 252 296 51
1444	128 215 218 2
1445	237 132 160 257
1446	184 93 294 213
1447	52 224 185 130
1448	78 259 273 214
1449	147 174 151 132
1450	184 83 6 297
1451	272 76 74 137
1452	113 39 36 47
1453	113 192 11 296
1454	67 135 108 190
1455	19 245 274 42
1456	285 59 168 132
1457	241 86 61 183
1458	84 3 48 114
1459	197 96 281 50
1460	183 241 296 38
1461	231 242 160 180
1462	88 249 193 99
1463	288 112 167 13
1464	172 181 219 231
1465	224 47 266 176
1466	125 294 103 208
1467	247 231 201 160
1468	74 96 51 177
1469	79 169 208 240
1470	216 73 108 19
1471	44 33 62 233
1472	143 15 242 287
1473	185 85 57 135
1474	14 68 246 167
1475	267 284 291 208
1476	272 248 75 163
1477	24 145 178 116
1478	10 215 90 70
1479	281 276 158 39
1480	238 216 106 146
1481	121 104 155 41
1482	104 20 16 231
1483	260 77 173 171
1484	194 277 280 23
1485	66 261 208 198
1486	224 209 288 262
1487	167 224 140 84
1488	43 121 146 287
1489	98 139 7 57
1490	215 292 223 179
1491	284 47 158 39
1492	253 206 227 188
1493	264 80 231 283
1494	35 261 239 231
1495	284 241 38 3
1496	129 252 245 100
1497	267 136 116 256
1498	156 216 6 36
1499	248 147 16 26
1500	66 96 50 81
1501	54 14 93 144
1502	237 137 107 179
1503	60 113 62 59
1504	211 40 236 253
1505	285 16 149 42
1506	249 100 69 268
1507	174 90 273 219
1508	13 168 262 235
1509	280 59 114 30
1510	32 63 89 153
1511	84 268 180 56
1512	172 74 257 159
1513	165 56 102 280
1514	239 6 273 81
1515	196 165 230 166
1516	173 188 283 14
1517	70 228 216 139
1518	36 226 75 182
1519	287 33 285 127
1520	31 148 297 136
1521	286 254 249 216
1522	184 5 90 67
1523	15 187 247 37
1524	95 298 20 137
1525	39 221 299 289
1526	273 18 47 156
1527	287 159 175 24
1528	235 238 232 43
1529	233 168 181 170
1530	276 284 176 286
1531	135 229 20 70
1532	71 24 252 183
1533	15 18 294 137
1534	259 291 188 204
1535	182 177 248 173
1536	145 211 226 70
1537	74 25 201 111
1538	136 192 39 298
1539	178 79 62 76
1540	284 86 117 111
1541	77 244 98 235
1542	275 39 205 81
1543	156 67 128 78
1544	198 44 254 238
1545	219 171 25 179
1546	152 295 185 95
1547	275 185 242 228
1548	234 38 53 204
1549	1 277 168 21
1550	129 215 278 60
1551	228 290 75 94
1552	149 139 278 45
1553	66 74 122 86
1554	42 152 237 171
1555	154 294 135 192
1556	166 97 117 109
1557	124 140 70 294
1558	283 196 211 96
1559	89 155 95 203
1560	129 177 53 5
1561	175 221 61 85
1562	144 185 174 175
1563	40 160 67 81
1564	135 113 289 281
1565	194 269 287 156
1566	143 127 103 125
1567	127 283 54 43
1568	5 283 40 220
1569	173 63 31 90
1570	33 247 240 217
1571	42 121 75 1
1572	151 279 46 217
1573	90 28 224 135
1574	190 197 249 86
1575	116 143 261 288
1576	176 35 266 170
1577	48 250 231 153
1578	37 104 57 282
1579	90 225 252 197
1580	283 28 77 100
1581	17 171 255 270
1582	145 129 130 84
1583	137 224 47 215
1584	197 164 268 294
1585	146 284 122 270
1586	32 170 228 133
1587	74 243 293 140
1588	232 23 209 120
1589	48 83 2 31
1590	230 139 251 237
1591	271 74 108 300
1592	238 214 137 155
1593	280 32 269 297
1594	213 180 251 184
1595	33 121 180 16
1596	24 174 293 51
1597	44 147 196 218
1598	287 219 85 46
1599	120 152 77 85
1600	141 104 91 205
1601	208 131 57 126
1602	96 162 126 163
1603	237 114 73 259
1604	166 132 11 110
1605	111 77 169 102
1606	199 282 65 145
1607	91 134 162 164
1608	119 44 245 123
1609	105 245 101 275
1610	100 249 70 231
1611	119 161 131 177
1612	219 20 141 254
1613	241 282 132 144
1614	267 125 275 282
1615	112 143 98 44
1616	240 168 115 169
1617	10 122 226 24
1618	153 85 25 210
1619	107 146 140 31
1620	139 43 37 173
1621	194 107 280 247
1622	195 269 199 270
1623	116 233 79 122
1624	61 5 108 299
1625	180 1 40 174
1626	286 73 281 53
1627	204 296 282 108
1628	38 26 174 123
1629	59 293 189 300
1630	118 208 261 173
1631	52 84 206 141
1632	50 74 59 197
1633	97 216 178 56
1634	49 120 77 225
1635	259 70 195 237
1636	4 234 5 43
1637	155 214 130 145
1638	247 228 229 165
1639	164 267 99 259
1640	149 22 50 74
1641	198 152 145 53
1642	209 223 35 33
1643	298 174 84 206
1644	142 26 284 121
1645	117 237 285 38
1646	161 50 8 222
1647	199 111 41 98
1648	128 72 68 281
1649	156 300 121 180
1650	279 48 162 62
1651	143 78 125 24
1652	87 188 98 238
1653	15 61 74 240
1654	4 135 292 83
1655	81 144 178 106
1656	87 231 154 185
1657	174 64 268 272
1658	121 52 180 158
1659	282 159 110 178
1660	223 93 168 271
1661	59 75 186 185
1662	139 111 214 250
1663	117 233 51 298
1664	42 96 292 62
1665	41 161 102 133
1666	86 102 237 19
1667	243 234 93 239
1668	279 49 262 164
1669	243 196 224 97
1670	5 165 248 254
1671	267 196 90 116
1672	258 23 182 160
1673	298 177 165 90
1674	125 230 36 138
1675	3 35 77 164
1676	234 273 170 259
1677	74 226 242 78
1678	227 161 10 61
1679	143 23 134 156
1680	70 199 254 65
1681	266 121 159 14
1682	139 92 151 246
1683	110 262 98 241
1684	93 245 193 201
1685	28 88 17 133
1686	31 214 116 243
1687	176 157 213 224
1688	151 165 173 48
1689	278 128 286 239
1690	194 259 258 209
1691	41 182 251 135
1692	182 98 99 198
1693	107 85 94 87
1694	15 193 135 186
1695	216 191 159 155
1696	265 155 80 14
1697	181 260 246 51
1698	185 109 147 231
1699	66 10 215 180
1700	3 285 286 259
1701	115 134 269 123
1702	220 88 294 174
1703	191 23 281 265
1704	169 184 219 123
1705	243 260 241 177
1706	257 262 64 203
1707	155 127 217 264
1708	10 274 218 278
1709	33 224 158 12
1710	263 199 189 297
1711	300 26 260 62
1712	197 42 10 224
1713	118 2 239 138
1714	75 103 223 162
1715	288 287 1 63
1716	153 34 265 210
1717	22 148 189 179
1718	163 84 40 241
1719	275 80 17 186
1720	203 45 7 55
1721	231 196 42 210
1722	63 152 246 198
1723	204 165 129 172
1724	137 239 214 182
1725	214 162 185 244
1726	236 37 156 102
1727	264 15 299 219
1728	271 295 289 59
1729	11 184 14 43
1730	269 132 183 263
1731	261 180 88 83
1732	45 164 289 98
1733	135 17 177 9
1734	179 127 241 282
1735	194 116 136 18
1736	93 88 249 264
1737	48 195 215 92
1738	22 68 251 39
1739	234 67 236 53
1740	286 4 37 84
1741	23 114 295 16
1742	216 258 209 10
1743	149 41 16 212
1744	119 38 218 77
1745	196 95 195 1
1746	6 93 55 202
1747	115 134 244 130
1748	99 276 28 121
1749	268 139 198 49
1750	253 196 248 40
1751	123 200 130 232
1752	157 147 275 47
1753	102 183 192 103
1754	20 289 136 141
1755	57 250 182 65
1756	184 259 218 220
1757	50 114 284 215
1758	177 17 283 76
1759	203 48 141 4
1760	68 289 299 40
1761	182 296 288 173
1762	63 122 287 82
1763	225 25 206 277
1764	290 100 223 87
1765	107 132 27 264
1766	266 220 193 84
1767	114 38 19 67
1768	293 243 209 280
1769	216 53 75 95
1770	106 27 205 258
1771	85 30 178 108
1772	31 166 161 230
1773	183 110 210 283
1774	50 158 28 215
1775	96 187 293 260
1776	282 38 239 5
1777	199 108 176 184
1778	179 173 213 295
1779	298 293 296 135
1780	59 167 107 149
1781	26 19 170 236
1782	282 45 76 122
1783	250 206 84 132
1784	60 152 212 192
1785	6 46 77 120
1786	58 189 111 133
1787	157 147 154 267
1788	156 16 109 79
1789	155 139 150 278
1790	54 69 34 194
1791	7 138 244 27
1792	282 209 37 289
1793	117 281 206 237
1794	157 266 203 265
1795	27 153 7 93
1796	99 163 17 110
1797	177 288 160 213
1798	24 84 127 75
1799	272 160 75 283
1800	36 248 111 219
1801	248 4 37 227
1802	221 218 145 228
1803	266 181 133 132
1804	68 184 156 178
1805	274 37 25 200
1806	18 132 2 287
1807	1 64 209 34
1808	182 247 2 249
1809	31 133 198 138
1810	222 279 254 122
1811	88 266 222 16
1812	47 169 10 257
1813	227 230 148 218
1814	239 47 34 175
1815	213 288 280 244
1816	21 296 130 107
1817	199 211 40 26
1818	110 185 87 241
1819	155 73 4 82
1820	58 109 240 144
1821	47 166 127 184
1822	261 170 291 297
1823	66 40 203 219
1824	103 209 169 116
1825	162 253 258 59
1826	55 11 250 119
1827	211 68 163 267
1828	57 111 178 249
1829	235 56 298 113
1830	92 120 289 288
1831	293 23 210 160
1832	271 287 224 151
1833	137 35 205 170
1834	97 234 181 69
1835	29 262 54 250
1836	291 194 45 103
1837	44 277 66 233
1838	225 265 190 18
1839	58 67 13 177
1840	265 14 2 252
1841	203 176 75 160
1842	289 125 159 201
1843	91 283 268 176
1844	57 169 34 6
1845	284 109 178 79
1846	2 235 220 278
1847	12 93 290 270
1848	90 216 30 137
1849	267 17 90 120
1850	129 85 135 83
1851	43 178 46 96
1852	4 144 220 282
1853	217 267 248 168
1854	230 2 244 260
1855	17 45 120 262
1856	138 226 169 124
1857	240 85 163 57
1858	63 176 145 217
1859	80 212 185 289
1860	187 173 288 89
1861	222 171 69 37
1862	286 48 287 100
1863	131 161 227 115
1864	114 279 144 285
1865	100 220 297 262
1866	215 135 6 90
1867	103 218 178 266
1868	105 261 196 152
1869	72 44 206 211
1870	272 68 141 299
1871	187 69 131 17
1872	97 294 157 183
1873	193 180 96 223
1874	67 230 176 88
1875	213 153 89 102
1876	28 92 145 225
1877	110 49 281 222
1878	238 44 15 228
1879	171 7 83 135
1880	271 75 71 60
1881	56 179 292 67
1882	13 124 64 275
1883	19 257 44 169
1884	274 44 282 244
1885	78 114 47 45
1886	268 9 284 123
1887	7 60 124 292
1888	93 129 260 35
1889	290 185 100 90
1890	12 36 150 74
1891	136 162 98 42
1892	7 201 37 152
1893	174 91 263 8
1894	112 104 9 125
1895	106 218 188 94
1896	52 256 76 143
1897	147 233 155 29
1898	244 168 33 91
1899	8 38 196 204
1900	246 46 300 100
1901	228 219 22 145
1902	75 144 145 215
1903	193 267 166 244
1904	66 180 264 87
1905	76 29 58 19
1906	48 205 173 110
1907	284 135 83 84
1908	110 199 37 7
1909	215 257 240 84
1910	11 79 111 175
1911	277 250 168 140
1912	3 92 217 220
1913	109 154 139 162
1914	61 228 199 275
1915	147 25 227 145
1916	236 212 98 289
1917	261 193 184 286
1918	24 254 165 142
1919	125 291 32 225
1920	84 171 24 48
1921	103 93 254 21
1922	289 296 216 20
1923	62 147 248 34
1924	218 135 24 226
1925	261 64 191 290
1926	17 111 77 129
1927	238 103 80 263
1928	27 295 58 174
1929	161 104 223 199
1930	198 244 213 249
1931	280 246 141 149
1932	201 114 54 183
1933	17 78 254 97
1934	218 123 179 229
1935	194 220 243 263
1936	141 166 116 93
1937	119 54 64 211
1938	64 30 187 171
1939	52 118 206 143
1940	284 213 130 26
1941	292 179 116 233
1942	287 157 89 60
1943	49 214 93 205
1944	293 103 198 202
1945	113 8 71 168
1946	278 214 206 130
1947	59 286 38 56
1948	2 262 85 116
1949	212 37 260 145
1950	52 166 158 77
1951	231 215 126 77
1952	250 134 143 174
1953	265 98 57 268
1954	240 29 272 85
1955	109 53 31 55
1956	147 177 264 243
1957	185 201 56 164
1958	210 24 80 101
1959	78 192 230 91
1960	22 230 68 135
1961	256 153 38 31
1962	7 89 123 184
1963	49 289 145 100
1964	181 4 25 244
1965	262 75 104 11
1966	151 190 229 24
1967	262 128 288 295
1968	65 52 273 6
1969	120 105 79 145
1970	40 284 36 286
1971	144 300 292 4
1972	72 144 276 49
1973	106 54 232 269
1974	261 23 163 139
1975	263 67 78 68
1976	1 134 142 150
1977	30 151 73 165
1978	93 206 71 77
1979	174 21 77 36
1980	124 95 287 218
1981	119 193 194 86
1982	147 212 145 31
1983	28 153 104 20
1984	194 173 113 179
1985	97 201 197 5
1986	105 173 10 235
1987	101 200 161 113
1988	143 71 47 109
1989	270 28 213 258
1990	127 174 140 99
1991	272 233 217 159
1992	37 269 249 271
1993	66 275 92 294
1994	240 282 143 292
1995	42 103 281 131
1996	183 247 192 128
1997	78 26 40 136
1998	152 153 24 147
1999	77 60 78 173
2000	3 161 66 46
2001	223 187 220 228
2002	222 50 48 239
2003	23 108 88 86
2004	32 181 267 116
2005	197 1 247 214
2006	200 91 275 292
2007	25 260 108 183
2008	97 215 70 246
2009	99 177 144 278
2010	219 296 18 29
2011	240 23 250 137
2012	282 53 281 18
2013	60 46 234 43
2014	188 207 268 152
2015	232 297 77 1
2016	285 112 52 185
2017	189 236 192 1
2018	130 204 174 132
2019	190 193 60 160
2020	35 283 277 289
2021	124 236 280 25
2022	162 136 57 46
2023	9 197 278 63
2024	13 182 294 95
2025	258 74 38 95
2026	109 233 136 276
2027	115 127 119 137
2028	94 279 199 80
2029	170 149 299 27
2030	5 87 61 172
2031	233 175 45 270
2032	8 145 118 139
2033	77 178 64 176
2034	103 201 282 141
2035	124 215 24 40
2036	91 48 188 262
2037	107 152 243 86
2038	26 253 30 6
2039	146 127 57 200
2040	170 189 266 132
2041	32 218 251 183
2042	18 217 249 53
2043	116 74 227 258
2044	197 43 254 28
2045	131 113 214 30
2046	164 144 130 167
2047	154 17 182 228
2048	38 66 211 122
2049	266 45 37 208
2050	106 95 234 14
2051	81 270 99 6
2052	72 276 86 137
2053	87 171 117 282
2054	69 73 93 14
2055	261 123 207 162
2056	216 198 173 5
2057	131 213 65 176
2058	106 140 238 18
2059	79 164 178 299
2060	60 47 35 290
2061	133 220 92 205
2062	162 194 101 298
2063	94 10 43 34
2064	12 30 115 202
2065	102 83 266 226
2066	217 13 31 211
2067	118 247 295 150
2068	26 195 114 40
2069	36 67 242 228
2070	299 288 64 257
2071	218 217 231 135
2072	162 2 74 21
2073	261 50 205 69
2074	129 263 228 120
2075	282 185 243 262
2076	188 254 4 225
2077	88 186 182 24
2078	80 177 260 229
2079	207 19 221 265
2080	158 222 255 50
2081	138 116 282 139
2082	268 292 90 78
2083	35 260 34 129
2084	227 199 193 208
2085	61 264 175 260
2086	151 126 42 93
2087	184 226 75 11
2088	51 225 138 173
2089	75 3 262 39
2090	143 283 149 127
2091	292 229 188 200
2092	173 115 296 14
2093	278 141 174 163
2094	17 258 173 73
2095	17 181 241 245
2096	261 207 42 99
2097	76 183 100 109
2098	218 70 137 205
2099	258 4 94 173
2100	4 286 122 39
2101	157 227 71 42
2102	245 51 80 63
2103	45 225 131 185
2104	222 198 260 114
2105	182 295 160 135
2106	68 123 235 243
2107	24 241 258 113
2108	247 88 289 91
2109	161 227 177 274
2110	102 254 224 69
2111	134 244 167 276
2112	66 14 134 26
2113	47 290 175 168
2114	145 251 99 139
2115	145 282 141 62
2116	152 8 25 217
2117	264 63 186 299
2118	164 149 169 200
2119	115 178 236 225
2120	112 220 11 251
2121	238 125 58 267
2122	174 106 214 261
2123	278 225 272 36
2124	232 14 145 220
2125	29 64 213 147
2126	288 248 72 266
2127	249 108 127 116
2128	45 228 96 5
2129	263 2 238 55
2130	138 7 229 42
2131	92 102 150 174
2132	177 261 187 283
2133	19 5 33 215
2134	43 64 161 179
2135	156 163 53 226
2136	212 278 285 89
2137	121 36 107 109
2138	139 84 34 132
2139	133 148 132 258
2140	7 292 173 127
2141	87 223 66 195
2142	38 294 165 68
2143	78 179 26 195
2144	27 101 272 195
2145	23 78 281 213
2146	40 21 31 259
2147	25 159 255 197
2148	80 77 144 21
2149	81 99 150 175
2150	294 120 221 165
2151	48 229 254 2
2152	269 59 105 300
2153	210 33 44 83
2154	97 290 264 39
2155	106 83 167 2
2156	276 294 264 196
2157	9 170 293 212
2158	251 67 30 152
2159	241 243 257 231
2160	51 37 82 229
2161	43 90 242 256
2162	31 33 181 7
2163	3 59 240 93
2164	268 3 108 78
2165	80 176 191 219
2166	208 172 236 290
2167	229 178 50 254
2168	80 225 147 65
2169	270 171 106 9
2170	259 170 62 190
2171	198 202 7 95
2172	267 273 158 205
2173	270 239 145 159
2174	136 248 209 174
2175	43 42 220 76
2176	181 128 82 28
2177	84 168 59 180
2178	278 259 149 295
2179	84 14 73 171
2180	10 116 271 110
2181	172 209 245 127
2182	211 292 190 88
2183	216 244 157 284
2184	230 158 40 286
2185	248 244 164 231
2186	36 81 285 159
2187	167 292 151 228
2188	21 171 75 98
2189	172 40 64 131
2190	224 283 133 292
2191	21 288 278 255
2192	142 251 76 240
2193	107 116 53 203
2194	259 95 257 15
2195	147 160 267 158
2196	220 195 213 172
2197	195 133 221 65
2198	103 120 213 203
2199	94 186 11 172
2200	276 167 16 133
2201	66 194 204 224
2202	67 297 48 120
2203	250 199 200 68
2204	205 106 129 166
2205	93 2 246 280
2206	215 155 128 7
2207	258 235 68 97
2208	286 120 121 39
2209	60 219 191 100
2210	142 59 185 194
2211	246 101 285 35
2212	171 235 1 26
2213	294 221 115 241
2214	86 65 70 67
2215	218 194 175 146
2216	196 80 299 275
2217	186 46 83 67
2218	188 280 210 33
2219	205 13 151 144
2220	214 26 109 91
2221	198 282 191 201
2222	190 120 192 67
2223	273 131 196 135
2224	223 14 103 92
2225	34 27 23 118
2226	143 199 237 221
2227	147 23 26 65
2228	268 145 160 31
2229	129 36 35 67
2230	188 234 142 87
2231	76 14 15 115
2232	1 276 188 165
2233	237 248 194 182
2234	134 36 118 230
2235	17 271 103 231
2236	42 238 177 135
2237	54 118 211 103
2238	232 55 254 183
2239	136 103 85 240
2240	77 290 205 207
2241	196 158 268 79
2242	298 154 131 88
2243	187 288 111 117
2244	219 10 252 157
2245	10 208 238 55
2246	24 48 296 18
2247	253 191 100 258
2248	130 39 275 200
2249	143 18 300 24
2250	234 192 162 116
2251	145 44 76 240
2252	206 247 1 174
2253	63 281 244 230
2254	207 249 145 218
2255	202 200 84 296
2256	162 42 241 281
2257	141 243 111 41
2258	51 100 82 197
2259	296 90 221 176
2260	31 284 264 73
2261	174 73 225 171
2262	26 56 67 216
2263	203 72 44 211
2264	158 238 201 43
2265	280 229 55 279
2266	65 288 246 243
2267	198 128 225 262
2268	78 126 184 212
2269	245 262 283 107
2270	4 262 168 131
2271	203 293 225 253
2272	5 220 289 25
2273	40 152 248 140
2274	183 265 142 132
2275	124 253 248 94
2276	270 89 45 66
2277	119 165 118 180
2278	85 269 242 290
2279	165 114 206 144
2280	161 176 217 184
2281	191 72 99 59
2282	232 146 177 233
2283	291 261 200 161
2284	79 183 74 15
2285	175 183 154 47
2286	244 1 57 194
2287	47 196 150 200
2288	181 235 56 160
2289	30 93 59 54
2290	187 242 72 268
2291	274 255 291 2
2292	263 154 159 132
2293	159 76 148 74
2294	159 69 266 9
2295	69 44 229 108
2296	29 31 176 56
2297	91 265 14 141
2298	277 25 82 199
2299	156 41 141 152
2300	165 182 178 169
2301	279 291 175 139
2302	73 299 129 16
2303	284 3 113 264
2304	32 242 87 267
2305	179 28 290 247
2306	141 13 285 112
2307	260 269 104 29
2308	9 215 37 97
2309	184 2 115 134
2310	300 47 135 230
2311	295 109 166 274
2312	244 111 300 1
2313	160 90 195 35
2314	111 28 269 149
2315	60 45 58 191
2316	192 57 229 250
2317	18 5 281 15
2318	117 262 30 199
2319	125 112 169 85
2320	69 157 256 15
2321	19 21 99 95
2322	212 266 290 64
2323	206 215 31 13
2324	35 66 253 279
2325	101 197 29 94
2326	260 52 90 73
2327	155 122 95 258
2328	189 83 231 75
2329	278 15 166 209
2330	106 162 66 253
2331	72 292 208 49
2332	37 275 147 111
2333	33 113 258 146
2334	63 147 165 280
2335	213 13 296 20
2336	71 202 139 10
2337	121 101 62 77
2338	57 53 204 261
2339	231 223 154 171
2340	68 93 201 81
2341	58 290 50 164
2342	176 244 232 241
2343	74 128 89 171
2344	195 203 186 299
2345	245 250 68 295
2346	48 84 112 300
2347	117 232 82 223
2348	277 236 186 63
2349	61 107 208 223
2350	234 258 205 195
2351	17 157 251 175
2352	168 229 223 247
2353	126 25 172 94
2354	228 96 51 259
2355	10 107 132 44
2356	39 131 65 176
2357	222 38 28 202
2358	2 239 60 268
2359	86 213 14 101
2360	55 205 41 195
2361	12 30 270 124
2362	109 58 266 227
2363	15 158 200 211
2364	215 256 218 193
2365	200 79 67 108
2366	270 10 114 243
2367	12 69 72 54
2368	289 262 170 122
2369	25 207 133 215
2370	282 296 59 292
2371	64 123 175 47
2372	152 246 146 215
2373	282 204 257 258
2374	30 162 125 180
2375	243 9 74 252
2376	11 27 24 182
2377	102 228 196 63
2378	197 146 240 71
2379	206 46 123 249
2380	88 138 297 59
2381	153 281 99 266
2382	292 69 42 232
2383	28 133 53 91
2384	280 202 144 24
2385	28 30 13 7
2386	254 18 123 206
2387	130 298 286 85
2388	117 88 263 205
2389	235 215 210 289
2390	291 271 170 118
2391	210 70 220 260
2392	11 7 287 56
2393	17 56 221 226
2394	265 79 298 289
2395	165 277 128 112
2396	37 214 101 259
2397	47 166 259 172
2398	34 65 298 189
2399	79 157 199 246
2400	95 217 119 293
2401	193 129 85 28
