Course	Room	Teacher	Time	Students
203	38	8	1	1305 212 1208 891 197 577 455 1482 391 1879 854 1632 1983 48 1110 2380 5 2249 1441 1505 1032 1561 2017 503 658 2117 1176 777 2280 563 462 1594 1862 72 1698 1599 1598 97 1046 
39	38	49	2	852 211 1207 66 1904 1878 204 1544 21 878 727 1638 874 1070 2221 735 1363 1656 935 1295 1278 776 895 447 565 446 77 1239 1886 149 2088 1992 1047 1078 1706 16 1709 1707 1723 
38	38	12	3	216 2292 984 393 582 1879 1814 2201 48 2224 1612 1548 344 1658 1115 521 368 2401 281 1375 1010 828 1436 1339 639 1219 462 1861 2244 1590 1599 2213 1678 1410 1802 1061 1976 1845 1473 
223	38	46	4	1166 1084 1953 587 988 60 1487 252 171 1949 824 1424 29 1945 2036 540 2382 369 2015 1036 2241 1258 426 2289 618 465 562 564 1864 2185 242 224 248 2340 1285 2210 1283 2215 2240 
274	38	88	5	216 154 453 1877 67 175 2139 491 2308 304 1837 874 1196 612 1694 447 1693 1508 285 1672 87 1279 2344 300 561 563 1331 2287 77 109 169 389 2071 2326 118 840 1187 2086 1418 
184	38	34	6	741 1209 1144 1220 573 1328 164 130 1487 2195 1893 1078 1367 1076 1730 2225 2307 731 1186 541 343 1560 1015 1651 1698 2265 1312 1233 791 2182 382 2187 1396 1869 224 960 2335 948 1800 
96	38	31	7	591 1323 881 600 598 1266 1922 65 1526 495 1519 1948 836 1618 2056 540 1445 1679 1250 1505 9 1033 634 993 716 1275 2296 825 126 729 512 1640 1707 968 2310 1721 641 1680 2020 
154	38	135	8	1207 664 550 456 1947 1897 119 690 1542 21 1586 2348 1196 321 1019 1116 1756 1562 1406 587 469 143 2368 1099 1333 1954 1040 1609 38 15 1282 2128 2080 2313 2024 929 354 2379 1695 
244	38	80	9	1160 745 1220 1127 1877 1588 1710 1058 1586 2306 1251 1118 423 2364 1706 2075 1551 1139 1237 1159 1273 1136 1332 120 108 90 589 922 2121 2271 907 2336 2272 2316 1602 1065 1240 1661 2165 
236	38	115	10	605 740 1946 1309 1202 396 138 2249 2051 857 696 1581 1072 1111 1253 2175 1674 78 528 2264 934 631 635 718 441 712 1776 102 160 96 1025 949 2219 1649 379 2168 2004 1005 800 
28	38	30	11	623 626 1325 1782 316 553 1288 230 490 1053 1427 1582 1077 1112 1018 1114 2030 364 1563 284 611 992 1271 1336 1239 588 967 1153 71 1991 965 1805 1992 1803 2278 1067 1537 416 1956 
127	38	9	12	587 942 311 1149 700 274 1485 234 138 237 837 1834 1772 1614 2150 1399 523 2244 326 2016 1404 1235 771 609 1218 1523 1930 2185 488 1978 2129 945 1605 2311 2231 642 532 2352 551 
193	38	1	13	1146 312 706 662 1264 274 275 82 2099 1738 27 1968 2054 107 5 918 435 1692 916 2011 586 894 1028 2284 1796 1345 831 1590 738 1882 1466 960 1824 864 2122 1454 1455 1104 2392 
87	38	15	14	319 884 928 1325 1169 1126 133 1487 289 1776 2341 1543 1583 1080 1734 1598 542 1446 1695 546 1441 1376 1032 188 2075 562 1440 1397 227 1882 1645 1761 19 1185 414 476 1101 2103 2008 
170	38	141	15	1084 597 1303 37 1124 1202 1925 1871 1894 174 1713 1836 698 1373 730 1254 1443 2019 917 2261 1393 1462 1234 991 719 442 1932 72 70 504 2211 1979 1708 56 51 1535 1685 1103 1007 
34	38	32	16	1225 199 1327 42 707 190 574 258 64 239 87 832 20 1850 2305 799 404 1506 2387 1018 2017 813 1670 360 28 758 560 1273 778 1125 261 2132 966 1345 2081 1809 643 913 2141 
86	38	111	17	1304 1143 2298 708 338 888 1125 1346 1820 177 83 1721 2099 2134 2320 1635 1964 1737 405 932 502 1405 1285 145 634 895 465 1238 1492 489 1609 1284 2123 1842 863 2312 1931 1439 1106 
1	38	125	18	1140 669 156 888 1320 1966 1873 278 2199 250 1963 496 1836 853 1428 44 596 1989 739 2366 2112 2289 997 1312 512 1154 1514 226 1885 1412 784 2210 33 1185 1006 728 438 1745 2255 
200	38	10	19	593 592 885 667 609 1309 1265 1927 252 399 256 1738 851 1636 1639 957 1694 329 1390 1214 1133 464 1152 1620 240 1958 846 845 1848 2057 841 1431 1559 2068 2145 2108 517 2257 2356 
137	38	24	20	1087 152 1496 1144 654 555 219 1909 1904 2154 1834 879 1839 2348 182 819 2079 184 1756 812 1677 636 615 1953 2256 226 1598 96 965 2130 31 30 1970 536 470 1749 2374 2375 372 
212	38	122	21	607 660 1480 2198 1313 86 1713 1859 1711 1074 2341 953 1963 1447 181 2032 1504 506 1378 1650 1754 2077 994 1173 1100 442 304 281 1118 1027 2122 1023 840 1708 724 2141 1453 1573 1852 
22	38	97	22	1268 749 1849 574 390 1872 2199 692 958 1816 1717 1779 2177 1781 329 1656 910 1094 891 633 846 1361 1099 1494 385 2102 92 977 2120 2211 1182 2069 2393 412 1775 2353 1760 804 2356 
134	38	32	23	1788 592 384 195 598 1265 978 1588 973 1773 875 1587 1962 1071 289 1440 2112 2292 1289 409 2288 991 468 440 589 511 1937 2246 298 78 1047 2279 1241 1585 1684 1669 1453 1689 267 
84	38	91	24	605 592 156 313 1695 50 110 1485 2092 1815 1771 1612 1961 2157 2176 7 2245 1698 426 1338 444 1595 98 73 1381 321 1027 729 1044 1725 2313 34 2002 645 1477 1687 1538 418 293 
182	38	21	25	1085 1167 135 1325 335 706 628 498 1263 1892 1633 1425 2343 2227 1568 1340 8 364 665 996 1338 564 149 98 1591 2072 388 787 906 1557 1932 1976 57 1826 1605 1808 1105 826 2164 
150	38	112	26	338 1144 748 598 1929 250 1897 1053 1635 790 1731 2383 181 2389 2070 817 899 1179 1465 2180 240 488 222 163 869 960 1433 1626 1601 947 1062 2346 1459 640 1748 2142 1558 1387 2252 
209	38	92	27	1164 982 666 2290 1201 449 1874 2201 697 971 2145 1549 819 526 732 403 326 1755 426 774 632 772 612 1784 999 589 262 1934 1499 1285 2238 2082 860 2314 34 1470 2358 1682 1244 
75	38	3	28	604 622 1202 132 62 397 1925 279 1902 1546 1711 837 878 1525 1076 1988 1446 1507 8 814 408 631 1799 637 612 1154 1790 710 1435 2214 2077 944 1185 1183 1114 969 1689 1572 373 
78	38	47	29	1788 989 1326 1220 1120 1262 557 661 2298 238 2322 2205 971 1839 1967 289 180 1253 1250 2030 548 2179 913 207 1098 1131 447 1957 1598 1807 39 1625 1187 2232 1029 2181 1720 1181 434 
124	38	98	30	590 1208 747 1261 552 2191 178 1814 1837 1980 1367 1719 2156 2035 2019 1374 1759 739 2366 812 814 815 1679 584 757 998 1794 1957 73 265 242 1992 2325 782 2083 929 2394 2005 1007 
90	38	93	31	604 51 456 1228 392 137 1385 279 1199 1777 695 45 2138 2381 2119 400 2246 1466 348 1297 2243 201 141 303 616 1330 1333 1795 387 1992 906 1999 2235 1439 1473 238 1740 2371 1369 
81	38	131	32	1320 213 1201 703 1927 990 832 1424 1619 1616 28 1856 1257 735 2018 1504 185 2388 423 1656 1012 890 1339 342 580 1334 672 382 1869 2119 1849 2126 1835 52 1240 808 722 1005 2370 
178	38	1	33	458 1128 601 1129 2293 1735 1148 761 766 1346 1895 1773 1714 876 1946 1256 1507 1467 1261 501 751 647 671 1150 241 1866 1910 1914 1551 1021 1557 54 2218 52 1685 2021 2141 514 1108 
241	38	121	34	741 1870 1165 748 1785 276 69 86 976 2321 1194 18 2156 2 1759 1528 7 903 209 1272 721 1276 269 106 161 10 19 1558 865 2068 645 688 646 296 1746 180 1380 1112 2105 
37	38	68	35	621 984 391 139 86 1774 2327 1424 951 1190 1733 1310 872 1613 322 1375 1504 2248 1395 1393 659 855 717 13 1178 267 486 11 965 786 1803 2216 1187 2059 1364 722 1943 1663 2106 
143	38	51	36	1305 768 602 333 1347 137 1502 973 1730 874 1080 1256 546 1032 340 1234 448 679 897 1271 715 1137 589 108 243 1561 481 2212 2040 1998 1537 2068 536 1245 2005 2351 2106 290 2373 
139	38	58	37	740 1226 152 1340 706 986 276 142 84 1816 2135 2054 2059 1719 732 1399 736 506 1755 1207 1094 1279 1096 678 1522 1344 1523 999 1592 166 2387 847 58 1998 942 867 920 1575 
4	38	126	38	743 599 1121 576 2223 1921 1875 1929 941 835 1582 2300 1613 1549 1526 1299 734 185 1754 2266 935 1999 1335 1130 444 2331 1848 1728 1843 789 52 2397 2358 1515 1514 2063 2370 1574 
126	38	42	39	708 179 660 793 274 275 1908 1907 232 1632 1054 1427 1193 1581 1735 1819 1196 1111 1527 1290 1407 752 618 636 1335 2202 226 100 97 1807 39 1556 863 1108 1744 2256 1539 729 
128	38	5	40	668 1782 1260 1266 2295 1877 1872 1845 1908 138 2137 1543 1541 1855 4 1398 282 502 610 469 1158 1272 1376 99 1862 165 1915 1287 2070 861 2158 968 2237 2230 1249 826 419 1575 
129	38	77	41	606 889 449 870 357 2057 1419 46 1737 2151 286 584 991 896 1131 2283 803 780 92 1554 1993 1703 1704 2043 1045 1977 788 2147 1731 477 2390 1008 2374 922 923 1511 1576 377 
106	38	52	42	1321 749 1123 330 575 115 2193 177 497 407 856 2228 1637 992 2172 1446 546 2177 2367 2072 364 754 1353 999 487 2178 78 12 59 948 1978 924 1835 2024 1245 1684 2350 1766 
248	38	96	43	887 983 1993 333 765 62 2091 770 1422 1614 2304 1502 657 1527 1443 327 811 283 1259 634 1217 998 121 383 1592 223 785 2088 59 1802 864 1396 2218 2097 1106 1475 1384 1767 
63	38	38	44	592 886 457 131 1167 2099 1878 170 1696 974 1770 1619 1587 818 918 932 1401 562 1451 1237 1987 715 1357 1356 1931 1493 2239 2211 15 1044 2339 1065 789 424 1241 2379 1007 1369 
64	38	110	45	2269 1162 666 577 144 190 82 231 1900 1619 2209 2381 2036 1298 1372 340 522 2245 548 1449 1210 1156 1215 758 148 608 1918 1930 1865 1887 249 1550 1553 1848 2122 1751 2107 1444 
183	38	142	46	579 2003 1163 554 888 1229 1787 392 1923 256 444 84 2053 2397 1778 2220 1403 1016 2288 567 302 713 975 1356 1265 2353 1938 1676 2304 862 1028 2069 1100 1246 920 1763 513 437 
272	38	19	47	215 640 596 573 2290 575 893 2194 165 83 1739 691 1637 45 657 2034 549 816 1750 996 754 778 1589 1590 1886 482 1025 1437 33 1981 2048 2146 1457 1748 2376 2274 1414 2065 
233	38	149	48	743 1223 1082 312 1412 271 178 1051 1710 1717 1942 344 187 2073 1561 1508 815 1138 1738 610 1130 1594 74 2263 1482 486 101 513 1436 846 1954 1708 1603 2313 1825 1476 1350 1368 
215	38	103	49	1141 1083 587 1260 764 64 277 1903 255 2322 1812 835 950 1197 2172 1370 1254 541 401 2386 1675 286 774 1091 1335 1151 869 2044 2129 54 1049 1844 2003 2390 2058 921 1747 
26	38	75	50	620 1122 2295 985 130 136 112 1901 1774 1981 1615 872 560 1659 8 233 1564 1460 2013 1035 1279 637 674 1935 1653 166 1578 868 1647 842 2080 284 1456 2193 352 438 2038 
283	38	19	51	1227 768 596 1341 629 766 1895 251 233 1816 794 950 323 1115 1690 763 420 365 910 995 582 895 897 2297 1238 1795 1936 1792 1509 1555 645 1827 35 379 1533 2113 516 
284	38	99	52	742 1732 450 1450 1199 856 1771 952 1818 1254 2118 323 1409 1372 402 1250 1376 2006 1671 994 443 613 779 268 900 1552 908 1808 356 355 2395 2378 1246 685 824 807 1510 
120	38	82	53	1323 1268 158 337 985 276 236 2200 414 1777 791 1190 1298 40 654 403 1250 810 722 1395 1752 689 631 582 10 1793 1465 1593 1042 1646 862 2267 537 2020 1476 295 683 
121	38	33	54	1783 1921 253 848 795 1055 1944 527 1442 2152 6 2247 1564 363 1171 1793 714 2286 1493 2187 614 223 79 1623 2261 2082 2315 1657 1456 2027 517 1101 1762 2102 513 295 2354 
267	38	132	55	1304 1146 626 273 2090 2197 496 476 255 1717 2130 876 698 2268 540 368 651 420 2365 2247 2039 1174 143 141 2175 588 1889 13 2210 2325 2319 1709 866 1476 1414 806 539 
276	38	36	56	627 600 1960 330 1900 1775 2037 2052 1715 1638 1730 2329 955 182 320 1506 1468 2112 892 756 2280 671 1490 2320 1910 106 1432 1812 783 1999 863 1822 519 1686 1411 2222 2357 
103	38	42	57	1128 882 601 1301 1029 2290 315 1874 136 174 2099 1420 1639 2381 1444 403 1527 1394 2363 1406 187 630 678 676 1066 1797 1860 1492 1651 2318 37 2267 2168 1360 1688 801 538 
33	38	147	58	1326 210 451 1872 2220 2093 1488 2327 1946 1079 2208 1586 2307 1696 527 2249 2369 189 1036 1090 1608 1274 460 1275 1620 2055 1818 655 1644 2247 1607 2236 1365 533 680 805 1743 
2	38	95	59	622 593 709 335 334 1127 1481 116 275 1485 1546 1051 2130 406 1113 1989 730 2079 1204 366 1832 1799 716 102 1885 222 1801 16 1559 863 879 1726 2060 516 1766 908 2250 
189	38	72	60	216 150 339 1162 1260 1876 1487 1823 277 2051 1502 795 1545 1836 970 407 733 186 547 915 2033 916 2360 200 777 1097 635 1334 1937 93 1754 907 2237 1568 355 2378 1570 
151	38	95	61	459 1321 1344 985 2094 1898 2195 92 2226 1855 870 1038 546 1522 1400 715 1654 679 755 1157 306 1007 125 126 648 1281 1938 1700 2217 1729 2010 727 1791 2022 436 1763 2357 
48	38	62	62	1781 1328 456 259 1898 1486 233 852 2227 838 345 1299 1678 327 1119 1460 1234 1210 202 1215 1652 1951 1126 844 2334 2335 1045 946 1998 969 1971 357 410 825 953 290 2355 
263	38	128	63	884 196 314 117 2194 135 1890 1635 790 44 1853 919 1469 1401 2016 1656 1317 203 1172 1311 460 1492 246 243 93 11 2211 2113 843 1188 1801 38 2314 2007 530 1458 290 
265	38	2	64	555 1123 766 1785 702 89 177 1890 1544 1580 1962 1120 404 1469 1253 1403 652 1508 1799 1343 990 1267 566 1863 488 481 1554 2127 2337 2338 378 2004 1385 418 1415 2162 
138	38	59	65	1322 2302 985 2191 131 110 1489 1816 2203 972 853 1732 2223 1548 798 2035 1039 521 1377 1397 1033 1467 1291 309 896 206 1336 263 1498 1958 904 2342 1820 2394 354 682 
285	38	96	66	214 1307 155 2293 2299 2295 113 941 1631 1982 877 1718 1524 1693 1397 1297 144 581 2183 1592 79 99 1529 1802 1023 1556 18 945 1648 1822 809 1388 720 1410 1381 1108 
10	38	102	67	1908 597 196 663 1309 1920 135 173 830 1985 157 1940 1549 429 509 1033 329 2013 1390 454 2281 1357 966 381 2111 922 1424 1069 2277 1046 2160 537 2259 2350 2009 1448 
58	38	64	68	1164 1789 451 197 981 63 250 2228 951 1192 954 1524 1446 1444 162 368 1376 281 2362 500 1206 894 1134 2244 967 221 1848 840 947 1048 36 1242 352 646 1003 514 
56	38	70	69	606 887 157 1168 494 2136 855 1831 1810 21 1835 1255 1693 736 1465 410 2070 360 1451 1597 1771 1829 1283 515 1981 1456 476 427 474 1574 1667 2164 2062 295 2253 431 
52	38	23	70	591 1141 1145 571 551 2096 492 85 797 837 1426 1429 1617 956 1525 1464 549 995 307 2180 1494 1495 1867 101 249 1701 1031 292 1975 30 2086 2396 1534 2378 299 2064 
292	38	63	71	883 579 1147 1029 881 2192 796 2204 1191 1070 1 2155 1038 2369 353 1395 1394 2265 1214 1151 1345 2167 2213 1435 2271 2319 33 2233 2315 1722 2338 2378 2350 1664 539 1369 
300	38	16	72	989 155 337 1497 2096 1907 836 697 2208 1967 1535 1525 650 1523 1750 438 755 1337 1933 1592 2189 1043 2183 1703 904 905 946 1707 1067 809 1769 2390 2023 1515 1003 2067 
246	38	71	73	308 607 1263 554 1203 273 2090 1909 175 230 24 2132 2130 1850 1851 1839 3 107 526 2384 1465 1317 1546 1336 1790 1330 123 1914 1880 1609 2336 1367 1533 413 1386 1368 
30	38	125	74	909 1161 1145 555 1122 1124 1483 89 1871 1736 1544 1731 1193 1989 2155 653 1652 1653 549 913 410 350 382 2366 93 2047 1641 1709 2218 867 2049 1768 829 2391 1382 516 
35	38	79	75	150 339 709 1143 2349 218 1483 497 797 794 1055 2057 970 1964 2329 42 1018 2260 424 1463 469 562 1130 305 1355 247 1499 160 868 1998 1649 1529 2146 351 299 2028 
60	38	124	76	1348 1306 1300 197 53 1484 138 254 691 2302 542 186 1117 6 1650 2240 568 891 997 677 2285 2165 2181 1867 128 1880 2088 1801 1600 2279 1823 727 1247 2257 2375 1109 
253	38	113	77	1789 311 315 239 68 69 1422 2340 1191 2300 873 1856 1611 2173 187 342 1677 452 753 1213 619 1796 2052 389 434 15 1029 537 2397 1956 689 721 371 1478 538 2195 
277	38	134	78	598 218 1480 1924 1926 80 1489 2051 972 1980 954 527 547 1399 2292 2110 420 328 1460 308 147 1097 1408 1353 305 1356 2184 2121 1024 1555 2343 2337 1186 944 802 1112 
230	38	40	79	459 2299 886 704 760 1228 175 792 699 1549 655 206 185 2245 2242 1295 1237 142 1233 1116 1135 1410 91 1868 1881 842 1624 1843 865 2278 1844 471 474 2257 2254 1512 
231	38	102	80	1087 1515 454 2090 1060 1774 850 834 2301 955 1944 1696 1501 2385 2031 283 2114 1460 309 674 464 617 363 122 1596 2158 1552 2253 867 1808 924 947 1667 418 1382 2104 
216	38	132	81	151 576 238 1432 69 118 2309 1631 2202 1969 2227 2156 1 2170 1112 2175 930 1671 2118 2323 1139 1232 90 482 1436 1553 1627 2336 949 1602 828 1411 2376 826 2354 
218	38	53	82	622 1141 259 1870 1909 492 1893 1739 2308 1812 1429 160 416 1196 1502 2 650 1751 2074 1274 1860 483 248 1700 785 787 1602 2000 1748 1669 297 2376 2161 430 1538 
23	38	101	83	201 1783 1267 552 137 1879 1198 1813 877 1610 323 404 367 812 503 1234 2046 1009 447 13 711 1931 266 2121 785 966 1432 36 2048 1657 2396 2142 720 1746 681 
118	38	126	84	743 887 1095 1780 1206 1200 2094 239 279 174 692 873 1610 335 1252 1677 528 2115 287 1986 1235 773 2280 1273 75 2187 948 2083 1603 1607 723 649 1688 1672 1743 
294	38	127	85	550 553 1264 19 397 236 233 2050 1544 1813 2301 858 2 325 379 1016 2158 1529 500 545 998 965 2332 1186 1647 2233 2236 357 55 1364 1360 1665 295 1381 820 
291	38	114	86	1165 1223 980 2092 1892 1984 2054 1197 1500 402 639 810 738 2267 4 568 1315 1231 638 1334 290 1795 533 103 2047 17 1624 37 1028 2143 1451 1572 2166 375 2066 
146	38	6	87	620 602 1345 1203 1022 1906 497 2321 973 694 1541 838 1855 798 2173 1520 343 2113 2077 817 750 204 301 1351 1331 306 462 1804 949 2080 963 1452 350 827 2074 
141	38	13	88	1144 1120 1200 553 1483 2197 2262 171 1730 1838 1584 323 1373 915 1015 1013 1315 1174 98 1495 386 1293 389 1882 1645 2095 907 1979 2041 1975 1628 433 2165 2243 1662 
181	38	120	89	1840 334 259 1906 85 790 877 839 870 182 347 1019 329 425 1359 1216 461 1008 1238 2286 1888 1884 434 1728 1060 2131 470 411 1247 350 1515 1517 1479 2029 358 
175	38	39	90	590 1346 1876 585 64 394 2200 831 1583 1966 875 1988 1371 527 366 2364 1528 500 752 619 1566 2203 269 1883 1517 79 1641 31 535 2169 2171 1247 721 802 2062 
255	38	51	91	1148 550 43 1921 1922 82 1891 254 1547 1969 2131 1942 2304 231 2154 1587 737 6 1030 1461 1177 10 2030 1797 1027 672 1494 2286 1608 1993 1280 1724 2232 1844 1104 
19	38	25	92	1087 744 1168 1484 1713 2308 1850 1059 1940 581 2118 2079 520 2033 285 427 2012 1609 992 1132 2282 1239 307 1494 265 228 1277 163 2275 1849 783 1600 1062 726 1762 
201	38	107	93	521 1321 599 337 331 661 1480 1489 1776 696 792 1254 1469 2151 1251 2367 2385 504 1296 1295 1337 1331 1153 262 1931 1952 102 1550 2044 1022 2231 2041 2235 1720 1474 
74	38	130	94	458 774 2076 1923 498 490 493 1631 696 183 1942 47 428 2035 2031 1290 1752 1391 2289 1150 1152 2185 242 1634 1542 903 1621 2334 1020 2362 2096 352 1665 1414 1765 
217	38	143	95	1165 1307 196 454 1786 1872 1486 2093 176 139 855 1243 1944 368 2388 1395 1532 1238 711 1956 1867 2046 1642 33 1049 945 1182 1723 1470 2145 2393 299 294 435 
286	38	140	96	1166 704 702 271 1898 1909 2228 2056 1075 1518 281 367 1563 408 677 770 1068 2283 2181 901 229 94 2120 787 1625 132 1577 1681 417 1362 2021 296 2028 2373 
125	38	66	97	1147 669 1877 276 235 225 492 1632 836 1969 1772 2303 41 2037 733 1258 1532 586 1174 759 1491 100 1025 1553 2216 2129 1970 2396 1680 724 1471 1749 821 2251 
54	38	27	98	740 1156 709 1162 557 663 714 2091 469 823 1634 1057 1854 979 1110 320 1408 547 2263 504 1097 1173 208 1336 304 1888 902 58 2279 2358 828 2023 478 805 
51	38	83	99	1084 1328 333 2191 273 770 1858 1055 1694 1445 2157 2176 2263 760 632 1358 1091 300 446 2181 787 70 1716 2238 2333 1999 2081 815 724 1457 1660 292 2159 358 
299	38	84	100	1140 594 981 984 1211 849 1895 2345 1055 1292 2179 2363 146 994 1798 728 773 466 670 2285 1355 1865 445 129 1042 1804 58 16 2235 940 1104 354 532 1416 
297	38	16	101	880 1124 277 278 1902 166 1198 690 1545 1611 939 1501 508 2153 1118 2016 1235 1211 1171 445 168 487 269 1020 1431 1708 1727 1722 2234 1366 356 1579 1746 2065 
199	38	57	102	1129 882 317 2190 67 252 1905 692 429 1635 835 1779 859 322 288 342 1397 2261 1172 900 588 384 386 481 2340 1702 1044 1726 2314 2392 1257 1688 1661 291 
191	38	31	103	1306 1163 1123 2190 1905 958 850 1811 1102 2010 2116 2265 1359 142 140 1132 1218 779 305 1152 245 1622 2122 906 1045 1726 31 1419 533 1452 1666 2100 1513 1512 
177	38	8	104	578 627 1342 2198 212 232 24 2037 971 1772 1072 731 819 1117 1378 2361 1567 993 302 1318 169 1889 22 905 1725 378 1470 532 649 1514 2101 479 515 2163 
82	38	50	105	1322 338 762 1547 1696 543 734 324 2262 811 1401 285 2384 569 772 2282 677 1318 241 1627 1285 1042 1829 1643 2273 1977 432 1606 1472 1536 1471 2062 1380 820 
80	38	44	106	2382 334 1229 88 2198 1900 27 47 347 1032 2017 1563 362 1037 2075 1155 303 366 315 387 92 223 902 2124 1186 32 1184 1972 35 641 2129 1386 2100 419 
3	38	150	107	1228 399 170 1859 2132 1618 1541 1076 1959 2303 1194 524 346 2400 1398 1014 1467 1509 1259 309 438 106 104 1413 1640 1188 2268 2312 2397 1104 1669 372 821 1661 
102	38	20	108	559 1324 195 192 397 1870 2198 958 1403 2263 917 1753 308 202 2050 1351 1357 1354 487 106 1030 1622 843 861 860 1826 1579 725 1519 1103 1474 2023 1510 682 
36	38	150	109	1323 1615 559 625 554 50 2090 1425 1541 1075 1967 1503 544 1262 1403 2388 1235 1358 142 1092 1219 123 124 105 784 2043 1846 1180 536 1684 1573 1413 1415 683 
290	38	133	110	152 1147 159 2292 662 2190 1871 170 2348 1857 1445 327 366 2017 189 2363 1671 1699 1798 467 1331 711 229 2189 967 2273 2316 1131 2109 2165 372 2371 1382 1765 
67	38	21	111	217 1208 667 1203 457 1481 1712 2346 1810 1811 791 49 46 1732 643 1335 1374 359 528 2159 1172 638 1137 710 552 1062 1426 2059 1683 1389 2259 2164 2149 927 
174	38	41	112	1305 153 1080 190 496 81 1712 27 793 2054 699 1569 1252 988 369 1014 930 502 1166 1154 2264 1916 1608 1041 2070 781 1979 1559 2087 1365 1023 1746 681 1764 
254	38	99	113	1788 1221 1205 1341 1308 192 270 392 1871 174 429 237 1983 48 875 1612 656 1255 1507 285 1258 894 1151 1934 11 1281 1728 1897 1471 2020 351 1571 804 1417 
162	38	87	114	1142 1628 744 1325 450 1887 131 1420 856 1773 2131 1965 1580 2307 406 2269 1252 1689 2240 1405 1357 2285 1744 169 1911 409 2229 2319 2219 2056 940 1244 1410 2061 
187	38	120	115	459 590 1266 251 976 484 1543 656 520 2262 2071 1017 1036 1011 1567 753 2281 1273 779 1330 146 1912 1626 1994 1045 2258 1847 2313 910 415 1388 2391 1475 376 
98	38	35	116	1327 1221 1303 450 760 191 176 2221 20 1077 2306 938 340 1527 675 2365 1297 1672 501 996 2281 1932 1951 1498 485 220 2216 2272 1840 788 1363 47 1666 2360 
163	38	60	117	1227 1209 198 667 761 2193 69 1901 1051 1710 1835 2224 1364 982 1679 1753 584 466 1134 72 1047 2123 1995 1430 2231 1976 1821 969 2310 2311 2109 2140 2061 1662 
169	38	113	118	217 1062 1163 980 1787 60 258 494 1814 1830 2324 1610 1048 407 525 180 1562 425 203 773 2282 2202 148 673 381 95 1622 1283 1977 2083 862 1002 1571 2029 
188	38	39	119	882 884 763 767 1798 1488 232 1420 1949 2055 970 1581 1962 524 1501 1253 451 1653 2011 776 1667 1950 1888 2127 1384 924 829 1368 1249 297 1570 2253 539 1417 
44	38	98	120	601 334 453 1926 81 923 693 795 1614 1615 2349 2383 526 421 422 1139 750 757 1093 567 246 1868 444 869 34 1026 904 1974 2311 1364 1749 370 800 1765 
205	38	89	121	1223 197 62 871 493 833 1052 1776 1716 1056 952 2079 40 1071 819 540 1255 2032 1251 829 1016 1563 1334 1135 246 103 167 1553 1021 1972 1419 2169 1363 648 
210	38	81	122	265 1260 662 63 2196 496 1739 2134 2320 29 1503 404 919 1679 2046 618 1170 1270 1132 566 1355 489 2275 1287 906 1023 944 1064 848 2144 1246 2167 1629 
42	38	73	123	1349 1224 1083 1343 270 114 250 1905 204 959 1371 2132 1503 1960 524 2173 1523 930 284 635 2284 121 228 2188 221 365 2003 2109 2391 510 478 1511 823 
198	38	105	124	621 747 455 133 132 238 957 179 173 1546 2321 1633 2133 40 525 1694 652 1468 1522 1400 341 799 2136 713 2203 94 505 2337 32 1809 378 1360 1747 
83	38	48	125	150 1086 316 2093 178 990 1739 1547 1830 2135 22 1852 2268 1443 509 9 1295 1231 302 688 1169 2203 385 2184 845 2217 1977 1606 2027 644 412 1668 802 
179	38	119	126	988 762 981 1267 608 765 394 2050 1056 1718 2305 2139 1500 732 2151 1378 424 1294 636 778 1332 246 486 1881 844 2273 1184 909 503 2002 723 1573 2163 
159	38	74	127	1225 190 333 1264 2196 68 497 2347 1717 2222 1584 1585 346 1299 918 522 1576 815 442 1791 227 2294 1945 1824 908 1459 2316 2000 2001 411 374 728 1512 
279	38	3	128	883 1269 624 892 393 499 871 25 1985 719 2206 2221 1445 2150 328 1010 1278 1236 633 1231 1232 754 1361 1887 1913 1435 783 2126 1456 1530 2060 1000 291 
208	38	109	129	604 213 393 1486 257 745 26 1983 1773 1190 344 1352 9 2366 1016 1400 817 201 1338 613 758 446 1919 381 240 228 480 512 2270 1060 533 479 682 
76	38	147	130	1268 603 195 1821 700 1480 395 718 2201 1081 1170 2170 1197 1113 2153 1095 1210 833 2280 676 1350 262 261 267 1590 1990 1829 1841 1973 866 1243 292 2399 
262	38	128	131	558 310 272 996 1050 971 2207 1966 2349 1734 543 735 341 2114 1297 360 1404 775 750 756 772 1130 712 2264 1498 1800 1184 2097 1529 808 2379 1005 2163 
20	38	108	132	153 1080 1780 272 63 111 1929 1812 42 2 400 2073 328 2360 1312 1861 260 1953 2275 2212 2044 2041 1821 258 2049 2147 640 689 1539 1686 1688 2398 
95	38	146	133	153 637 987 171 852 2342 1838 45 939 1737 956 524 405 1659 2032 1690 422 1392 1750 994 1139 585 718 1151 1136 1595 387 1418 518 1578 1096 1412 
122	38	94	134	151 570 218 1202 2091 1963 490 1879 1712 1811 1073 1988 2139 209 2248 734 810 2176 569 707 1270 758 128 843 31 867 2085 641 2143 2258 683 2104 
296	38	129	135	590 1085 499 175 85 2309 1420 2138 1469 1560 507 1296 529 2242 869 145 1833 672 673 2182 1179 71 486 1915 163 1069 1704 1418 809 1532 351 804 
197	38	122	136	1615 1340 987 193 2195 1568 1545 2341 1056 2131 1718 1371 2035 2382 2018 2152 506 422 208 712 380 76 1126 1958 2330 2183 1627 2317 1681 2109 2359 1002 
69	38	127	137	335 767 116 237 1582 1421 22 876 1428 1733 346 2034 1010 2013 1673 2289 713 1153 1318 384 2275 834 2082 2266 50 414 1616 1389 1511 806 377 1383 
100	38	119	138	159 1960 310 1344 60 1875 1640 2205 2305 1961 2154 1373 321 1506 1757 1916 1671 1699 628 443 639 445 1950 1499 485 1716 2335 1280 2022 2374 648 1387 
101	38	93	139	216 591 742 741 2200 962 1850 2227 43 2220 657 3 890 400 361 1212 1176 1352 261 1591 229 1880 1433 2040 1841 1648 1684 1531 371 1478 2160 376 
104	38	13	140	630 1263 2349 661 1485 230 1050 1711 2225 1195 938 933 1177 565 463 2186 127 103 1550 2088 1641 1430 2319 942 1028 2310 2025 1533 2171 2258 801 1109 
245	38	136	141	880 1261 456 1874 2137 831 2328 1613 1989 2119 1298 184 2401 934 1676 1035 1315 143 1024 1351 1287 1955 861 108 1053 1990 1993 55 2002 2146 1103 2254 
62	38	101	142	319 1718 67 582 1893 24 1052 972 2229 1093 43 854 1116 1791 2074 569 1799 1230 583 897 610 1156 1777 460 1497 845 1664 2125 1707 371 800 2399 
117	38	70	143	595 596 1205 1121 577 1347 393 391 2245 68 491 1422 1770 1714 2058 1074 280 529 1034 563 305 264 784 1625 1049 2278 2010 472 808 658 1100 1827 
166	38	41	144	1163 573 1347 25 1710 1634 2224 1075 1115 4 1759 933 1562 1011 427 1175 1198 414 1596 1936 484 1623 1644 39 1828 660 1603 1681 355 2169 925 805 
94	38	79	145	151 1082 1207 1783 1089 1870 494 693 26 793 694 1070 2221 731 2078 1467 2179 1753 913 501 1093 1794 1954 2212 1704 1183 416 1682 1389 1009 1665 433 
116	38	87	146	1086 551 576 764 235 118 1984 1543 1639 1857 1443 2249 2152 931 1258 912 1314 737 1218 463 124 226 483 1479 1433 1996 1067 643 1361 2166 2251 927 
153	38	24	147	1224 1303 2095 65 797 1949 345 3 2369 504 282 2361 912 1199 777 1792 302 1633 1937 1883 480 1701 2089 948 2128 2314 1180 1107 1862 2356 293 2067 
155	38	112	148	194 571 2092 192 1920 2097 1899 112 2098 1472 1982 1078 356 1191 1903 1659 568 309 1231 638 440 1578 221 2124 2216 1558 1827 1064 1681 2301 2144 1246 
237	38	121	149	752 608 2192 854 2053 20 2343 2329 1192 939 655 1375 1396 911 1095 1158 1171 440 2284 1135 1491 385 1886 2144 2126 1601 1605 1534 2256 725 1539 291 
49	38	69	150	769 338 1081 312 10 1899 172 48 1940 873 957 653 9 2014 467 1442 719 637 1351 563 1937 1599 1806 2333 2042 1828 1107 1457 439 297 926 868 
47	38	48	151	157 749 336 1347 850 49 2381 1110 521 509 2111 2039 408 147 1211 635 1350 1099 1932 406 482 1802 902 1622 1702 1994 788 2175 848 1537 1535 1362 
112	38	133	152	1262 766 314 115 114 1037 1928 1181 796 792 2206 1579 1569 1039 919 2246 813 2010 663 615 247 1497 100 1134 1702 841 1049 1863 1406 2394 1518 1063 
41	38	92	153	1086 760 1089 1386 798 2309 691 46 1854 2139 1019 2401 1674 2365 1138 1178 2183 1422 389 101 222 2046 1990 1647 781 1727 2315 473 1685 1451 2255 1058 
148	38	89	154	1300 1784 1229 270 136 1987 1425 1540 2157 2387 146 1316 1310 674 466 243 1248 167 1703 1022 1559 54 1975 1725 689 1532 1842 685 921 2008 359 2355 
72	38	7	155	1087 1307 1780 158 984 114 2298 833 695 1195 2056 2019 1759 400 2385 2364 678 737 992 1272 670 1150 485 1626 1705 2207 864 2049 473 2001 299 1741 
219	38	135	156	318 1302 884 555 1722 1482 1922 1814 542 224 1191 45 978 1447 2075 1352 2287 1497 780 101 104 1995 1973 2234 2143 411 2103 2101 512 2106 2250 
136	38	145	157	1349 199 2014 1201 397 170 1959 1631 2320 1982 851 1429 1059 428 725 1464 993 613 530 588 1402 1915 38 2318 905 1800 2108 475 1000 1766 2250 
288	38	115	158	71 194 665 1168 88 1593 1894 1896 959 2325 1678 2174 325 2015 1650 1037 500 1092 443 464 670 489 70 1642 807 1065 284 2069 534 647 375 
57	38	148	159	594 603 1328 628 1309 1127 1904 830 1778 1737 543 526 2078 653 544 761 1159 1919 2182 2180 168 370 1026 1430 1843 1438 723 1865 922 1248 2105 
50	38	85	160	1306 1222 1324 159 889 761 987 702 192 2194 1832 2344 1831 1771 1716 2226 542 650 8 1567 611 1862 1939 1837 1187 30 53 1106 2395 1479 1458 
295	38	144	161	1128 1320 80 86 1878 85 690 1969 870 733 534 1520 1379 1565 202 468 1157 1156 122 260 264 107 104 1804 902 2276 1282 1847 1596 530 925 
196	38	58	162	215 558 668 195 764 1876 67 2098 857 23 817 2303 1195 313 2170 1440 2260 937 1013 892 616 1817 249 1914 784 1570 1683 1101 1689 437 934 
66	38	116	163	1142 2291 2190 1488 230 959 1949 2057 875 873 2369 915 738 189 1565 816 1630 1176 1215 1794 1384 1027 2214 860 909 1986 2039 436 370 2100 2354 
171	38	137	164	559 1208 1221 1342 1928 1301 1859 2202 793 2326 1941 2155 367 917 1012 361 775 1284 461 1179 738 1914 162 1701 1431 862 1768 1245 1452 821 374 
225	38	77	165	747 1723 2197 1855 1736 288 1444 508 1757 916 146 894 1232 560 1792 615 1913 78 1623 1829 1994 1188 963 1841 1826 1183 2084 2034 2142 2259 515 
108	38	27	166	1967 154 1088 61 111 1899 277 213 952 40 2034 5 933 1291 502 1449 2117 1314 1475 1276 386 1698 2331 1511 1537 2168 298 413 1762 684 2107 
32	38	15	167	210 1341 700 112 495 1489 1982 2300 798 2150 2260 2016 529 1294 501 303 1009 1790 1951 388 1915 79 1701 2276 57 1974 720 2005 1747 1724 2251 
186	38	4	168	1165 1269 595 981 1127 178 627 81 1986 1423 1941 799 2306 405 2073 814 569 465 169 1953 164 1913 574 1917 480 2125 1438 1102 412 1412 1747 
97	38	67	169	2225 600 211 1149 2297 133 117 1908 977 1968 837 2228 1839 1524 2281 1805 584 1217 331 1136 483 1042 2123 1281 1628 2097 2048 1362 803 2093 2107 
142	38	145	170	1326 626 1145 359 661 1300 831 1715 1964 1074 1377 736 2015 1675 188 365 1259 441 1495 1025 2089 1801 2040 2317 968 1845 1822 1477 646 803 2105 
164	38	81	171	339 625 629 330 1346 1899 1052 1425 2324 1852 1194 1071 1526 1115 423 1034 1655 1175 1133 1131 263 93 268 248 1916 842 2273 2214 2080 94 806 
167	38	141	172	578 746 571 556 776 274 336 25 1052 2135 206 2156 2246 1564 1148 816 1948 581 2347 998 120 385 1794 1958 964 967 962 1846 1438 34 1576 
110	38	69	173	1327 704 1343 134 87 1984 835 1585 4 2014 1461 2159 2243 618 707 1093 300 1918 260 164 94 2161 1289 1367 310 1249 294 1516 2370 2149 538 
235	38	34	174	579 629 64 1985 1077 699 1586 1370 1374 2174 548 1313 1171 581 567 931 162 845 1046 1188 55 1603 1846 1472 2392 1668 358 807 1459 1539 516 
45	38	85	175	740 608 1264 253 172 1775 1987 974 1813 1193 1734 651 2115 1654 1551 896 443 148 1125 1860 1591 1910 225 2239 1822 473 417 1516 293 2149 1383 
40	38	35	176	2288 607 667 1089 448 396 1588 1613 2116 753 893 899 2287 245 1662 15 586 2044 780 2215 1022 1065 53 866 2396 474 437 1571 681 2371 1742 
5	38	118	177	332 1823 66 692 1542 1819 41 402 1441 1505 1670 1566 1507 2345 144 439 307 1911 847 1621 1004 1640 1722 2237 1366 531 2005 2352 1413 418 1743 
206	38	110	178	313 194 1920 1924 177 87 25 858 2368 1017 362 2241 1405 912 976 2153 614 1178 1555 1134 2330 1647 1641 1625 1808 928 2025 2103 2062 2028 2386 
77	38	124	179	113 1205 554 1149 271 1923 137 499 395 253 2206 2380 1038 2078 1690 523 1379 2360 207 149 1493 1354 2334 1282 865 1064 2085 471 370 1383 2373 
73	38	56	180	602 455 61 253 398 977 46 1303 2222 1073 545 1379 280 1752 1311 461 1884 2042 2127 1824 1724 1741 1240 2026 725 2022 1686 687 923 1767 2399 
79	38	104	181	1161 763 317 1229 35 113 2200 2037 1617 322 346 1506 737 2110 658 1216 1522 2186 1551 1434 1435 1642 1709 1607 472 2007 1361 294 544 1382 2162 
214	38	9	182	591 1320 1160 157 1329 427 1498 65 2136 2053 1817 1834 1426 1731 858 1947 547 1117 1017 1012 1177 1830 1333 1099 128 51 1034 2352 2163 110 
131	38	62	183	1146 234 495 694 1968 1056 1639 1581 105 1658 2269 652 1758 2176 930 2011 585 1230 121 2072 96 1436 505 1715 1472 531 376 821 680 2399 
213	38	61	184	1300 885 664 272 176 1892 797 1941 730 1695 2384 2368 1296 959 380 127 2123 2100 911 2087 1106 2145 417 2006 1244 2022 1727 1745 2166 2250 
161	38	6	185	1085 769 599 117 1875 110 2345 1774 2053 140 1636 853 1428 1408 1520 2244 753 619 1092 1152 383 435 961 1289 1066 2359 1533 1667 479 2064 
289	38	117	186	1322 217 621 986 43 84 1738 2346 1638 838 1819 1442 1758 1292 1675 1294 912 1359 300 611 266 372 2042 1978 1820 1970 1683 2108 723 2377 
91	38	25	187	885 1720 1926 1892 375 830 669 877 349 1111 1365 369 421 2388 1296 2362 755 716 1008 2238 1280 2272 2083 2234 2084 1011 808 413 2064 1538 
53	38	104	188	1227 768 1974 1222 61 112 1817 2327 1618 288 1697 347 523 528 1463 1462 203 145 647 1950 2277 2339 2081 2025 2259 1530 2107 1459 430 1000 
270	38	90	189	1890 215 1302 1122 767 256 231 855 696 1617 698 1732 1658 1561 1755 1654 206 1475 1957 30 1881 220 13 2270 1629 2315 2232 641 2058 1760 
119	38	111	190	1997 28 1339 678 1987 2328 1735 1944 520 2013 1477 1095 1173 583 612 1137 463 383 1867 90 100 2008 1803 14 2336 828 1009 2023 2255 1413 
65	38	29	191	217 989 705 311 551 2191 1224 1241 1777 1811 1778 939 545 1655 1278 1339 714 778 671 123 266 1995 1971 1418 1680 1534 477 2164 1984 572 
107	38	11	192	318 1200 219 2095 66 139 257 2323 833 1611 186 1442 324 1674 549 1019 1212 1236 679 754 1933 261 824 1997 1431 1600 1996 928 534 510 
115	38	10	193	578 603 624 701 119 832 2328 1736 1113 520 734 1377 2071 1407 2115 2038 568 987 380 1884 1069 961 2215 2231 1842 1063 2000 920 419 1575 
13	38	17	194	741 319 620 1222 499 1896 1066 970 951 735 2018 6 1466 363 659 847 583 140 716 2283 120 383 168 102 1043 1061 1844 2226 1493 1109 
14	38	106	195	1785 332 498 179 1488 172 1241 1545 1078 1733 1194 1548 1 2151 1564 1654 2038 775 1213 76 1938 160 2333 2214 2082 1629 2312 2068 1760 479 
256	38	144	196	458 593 198 210 1340 664 609 1265 864 795 518 1583 2220 1298 401 936 2285 2182 1883 961 1800 1973 1648 415 1243 2359 2351 293 2372 2067 
147	38	91	197	1141 212 600 1781 453 391 390 1907 1736 2345 2201 834 1965 2329 1941 1857 818 341 2389 1670 1310 1155 566 1021 1167 2334 1601 1649 2085 1668 
144	38	56	198	623 1348 336 767 1926 134 1907 399 80 1856 180 2150 1513 2153 932 144 823 1796 1595 2186 97 163 1068 1185 411 373 927 1663 2066 2148 
211	38	86	199	1085 983 310 239 176 82 757 119 379 872 2030 1652 1010 361 1313 1219 77 1860 91 1886 95 1991 841 1825 1558 1366 640 1531 1767 
27	38	50	200	888 553 1873 119 49 2302 978 560 2111 2178 2247 911 361 674 148 1490 1864 2072 505 2332 901 2042 54 2229 2024 1101 1745 2376 2254 
280.1	44	100	2	847 1068 1286 348 1691 616 1796 2009 76 2394 
280	44	100	1	748 271 116 1898 1906 1854 347 1690 545 1119 
68.1	44	23	3	1212 964 449 1286 2127 840 1353 1528 2242 1455 
68	87	23	1	1225 152 339 1220 997 1073 1326 954 956 406 
227.1	87	40	3	2212 1702 2089 771 1540 1283 602 675 698 1725 
227	87	40	2	593 213 624 1780 1781 701 1088 1486 1711 2052 
258.1	133	17	2	2213 1623 2045 679 897 1247 1714 1972 1584 1820 
258	133	17	1	2291 332 111 66 236 1902 695 1940 42 1587 
220.1	133	74	3	1175 1664 59 121 1157 839 304 1594 2358 655 
220	150	74	2	1142 319 606 1083 2298 236 1618 1193 1853 345 
16.1	150	123	3	995 2344 997 1968 535 2307 419 1372 247 1930 
16	16	123	2	1788 214 594 1263 194 1923 1925 2199 80 491 
293.1	26	114	2	1284 900 1046 755 1189 1061 2218 671 1319 1604 
293	44	114	4	1083 746 237 2209 871 1568 428 1500 1255 2031 
89.1	88	65	2	1700 1644 777 1757 2351 1182 2237 1181 99 1536 
89	87	65	4	1324 763 629 1785 89 1878 1854 1664 186 2400 
251.1	16	140	3	147 1627 280 1189 2317 1063 1661 1319 514 726 
251	150	140	1	1148 1481 255 796 975 1583 979 2171 1520 544 
242.1	44	46	5	2120 1358 2311 207 898 208 1218 303 37 565 
242	16	46	1	573 664 494 2135 790 654 736 2262 1401 1400 
173.1	133	43	4	1991 1026 1432 580 717 675 1182 1319 52 2147 
173	26	43	1	1143 1894 84 1111 1589 1942 1 1370 1378 2261 
249.1	88	138	1	2047 1041 2009 355 23 759 188 50 820 2294 
249	26	138	3	1048 746 747 332 61 2207 470 2078 2177 523 
185.1	87	52	5	344 1237 1090 14 2117 849 615 357 1419 416 
185	150	52	4	882 159 103 205 398 1891 1547 792 2224 1535 
229.1	114	68	1	1317 1805 771 1626 861 1352 677 1621 1064 1919 
229	114	68	2	198 982 257 1054 1772 2400 1119 811 548 1528 
226.1	115	14	1	2276 1810 1758 17 1637 876 561 1189 712 1257 
226	16	14	4	579 212 886 2296 315 132 2193 199 1327 2134 
17.1	44	64	6	928 1041 1047 1997 783 2240 2278 1288 1933 1455 
17	133	64	5	708 1204 1342 1169 703 1775 2055 1813 1580 2031 
232.1	115	78	2	630 1991 1287 1091 2036 2059 1612 441 2086 407 
232	149	78	1	1226 1223 337 191 1786 2192 2091 853 1429 699 
259.1	166	30	1	995 774 1236 842 2137 638 1577 2126 1275 1135 
259	150	30	5	1348 331 1902 976 1632 697 838 1569 2389 282 
149.1	175	60	1	1213 22 1214 420 1943 57 816 1409 2002 2015 
149	16	60	5	318 196 133 130 1924 1906 2322 852 1059 1962 
261.1	149	80	2	1362 424 633 2012 1452 657 465 208 2371 263 
261	3	80	1	1081 1125 219 115 1314 129 473 830 378 951 
25.1	88	148	3	2047 1096 135 1390 1206 331 2138 1748 125 386 
25	166	148	2	1348 559 558 665 556 1784 203 1089 275 395 
281.1	175	117	2	1434 1138 1230 827 1337 1030 1786 2049 818 643 
281	26	117	4	623 153 606 218 1876 1174 2323 794 2341 1818 
55.1	114	45	3	1040 1705 773 1996 343 28 617 1179 1604 1256 
55	63	45	1	626 762 1329 88 65 251 1421 140 878 2342 
195.1	118	12	1	1807 964 826 2045 1280 423 466 1183 1668 76 
195	88	12	4	155 668 572 1329 765 2194 1893 695 1018 508 
7.1	114	146	4	1199 751 2276 2125 1825 36 1823 430 1768 1678 
7	3	146	2	1269 1122 2094 1499 832 691 2300 1697 1500 2269 
105.1	125	67	1	1645 1990 1434 1090 2124 32 1063 1790 472 940 
105	87	67	6	1225 1222 191 193 1986 2134 1079 507 283 425 
176.1	154	33	1	634 1091 141 1601 2401 1866 2149 1720 382 1242 
176	115	33	4	556 660 270 1481 1895 495 1423 1831 1524 221 
172.1	181	36	1	1644 2332 1806 2004 719 1215 2283 616 1356 1292 
172	115	36	3	1691 982 158 278 252 2137 2133 2302 2172 2173 
180.1	63	86	2	1177 2332 1159 141 1629 999 672 1606 938 1405 
180	149	86	3	211 1180 1066 256 254 1858 2346 23 41 1371 
273.1	28	26	1	2330 1316 202 895 1825 467 714 519 1597 2116 
273	44	26	7	2192 1713 1831 972 839 1963 1758 282 362 1272 
6	133	45	6	883 1164 1783 663 1928 173 2136 1815 1053 2326 
12.1	166	142	3	961 1979 2337 2286 1354 1292 74 2362 1950 1012 
12	118	142	2	1140 215 1145 313 1308 390 2293 1409 327 184 
152.1	149	44	4	2288 1700 1216 1642 1271 676 1974 1072 1288 1584 
152	175	44	3	775 881 336 454 1088 1921 943 255 1836 1980 
157.1	3	61	3	2147 1213 786 583 968 942 2076 567 1955 108 
157	125	61	2	150 578 595 666 575 1928 232 2205 1741 953 
140.1	150	11	6	1284 1948 633 1705 1189 564 715 2284 1490 935 
140	26	11	5	956 2098 1832 1833 26 1638 952 41 2383 1504 
264.1	63	130	3	1043 1806 900 1020 1214 713 1797 2084 2267 1107 
264	16	130	6	744 594 669 158 2291 2296 1925 1891 886 1832 
130.1	66	137	1	1212 903 901 1751 1994 962 1793 464 461 617 
130	88	137	5	1120 1423 2342 2209 1071 183 733 1375 2400 1706 
93.1	95	107	1	619 2352 564 56 1797 969 349 536 1863 1956 
93	154	107	2	745 570 859 1358 1903 1630 2301 1943 1961 656 
24.1	166	139	4	2274 19 1554 17 1233 946 47 859 1180 1332 
24	114	139	5	1086 570 609 662 1787 53 394 1927 171 958 
123.1	175	72	4	921 1804 1090 2217 1964 343 306 654 1682 73 
123	181	72	2	1349 768 1167 199 571 136 627 1900 1901 1540 
269.1	118	90	3	1608 1097 841 1311 1310 2338 2219 1729 2086 1276 
269	109	90	1	1164 312 574 2096 791 1616 1373 1692 739 2178 
194.1	28	22	2	1315 1158 1232 2018 749 1123 1041 2138 518 1105 
194	3	22	4	1209 983 707 1088 399 490 756 541 1634 2325 
192.1	115	83	5	2239 2323 1620 472 1729 1133 1450 1604 1971 462 
192	26	83	6	1789 154 762 980 849 398 2309 1897 850 1205 
88.1	66	54	2	890 1069 1620 1172 1966 822 1971 1332 1552 530 
88	43	54	1	604 2299 597 1121 2295 1885 693 2324 1719 2368 
243.1	149	18	5	964 1096 1138 1995 1556 1605 610 56 2279 29 
243	87	18	7	1789 1146 745 705 765 1715 1057 874 2223 1197 
109.1	95	75	2	1807 1316 2277 1240 963 57 1048 1849 1857 381 
109	44	75	8	623 1160 154 668 748 701 234 2321 2340 1074 
271.1	60	82	1	1550 786 1728 1092 772 2032 1729 363 2033 2398 
271	109	82	2	2299 599 889 621 314 179 172 1817 858 926 
61	63	18	4	1226 744 1161 452 396 856 1058 2225 954 1610 
252.1	133	55	7	2331 990 17 1270 1727 759 1723 1354 519 2026 
252	88	55	6	1082 1302 1483 493 2206 1428 1947 1521 2038 1338 
250.1	150	88	7	1024 1996 1312 846 1190 1556 931 2029 1366 75 
250	118	88	4	880 796 1985 950 1838 955 799 656 2155 320 
18	43	43	2	988 1321 1175 62 857 1779 1988 2157 7 1398 
239	125	22	3	1128 743 1279 130 1421 978 2118 1692 1657 1751 
71.1	76	5	1	1646 2217 1170 898 1271 1697 1624 1978 2069 75 
71	154	5	3	214 597 1341 889 986 607 1894 2052 2204 851 
21	114	138	6	1305 2095 1896 1903 27 1427 1370 1059 1719 1569 
29.1	135	136	1	2238 1040 468 1416 209 1168 673 1769 2379 1572 
29	125	136	4	1322 1221 1343 700 111 1815 694 957 181 477 
282.1	141	63	1	800 1704 1408 1031 1791 2087 1011 1454 2003 1596 
282	87	63	8	211 453 191 1922 63 20 49 1945 731 405 
275	16	78	7	1349 572 2297 703 231 1540 1853 289 2380 1521 
207.1	60	4	2	585 1216 2133 1107 899 2317 325 1594 109 477 
207	44	4	9	1081 1342 1947 1961 390 81 857 885 2304 2380 
92.1	166	105	5	752 348 962 467 1824 1337 2235 673 2248 653 
92	181	105	3	1082 2290 117 166 1630 836 1946 288 1913 1659 
168.1	28	109	3	686 1938 58 1430 2041 963 865 1355 149 2001 
168	24	109	1	459 622 1126 234 2098 1901 1834 1548 1521 1173 
15	34	139	1	880 556 1266 1920 2344 1057 2223 1611 522 506 
238	115	26	6	1227 746 665 550 1203 83 1075 535 2268 1756 
46	133	55	8	705 628 1786 1204 258 1712 1837 2058 428 1526 
43.1	75	53	1	1043 1020 1353 301 1660 1821 1455 1768 1039 1450 
43	26	53	7	452 457 114 89 1927 1633 1770 1582 1818 1697 
222	88	123	7	1142 1161 704 1201 552 1929 2343 1079 1965 1503 
133.1	149	49	6	977 1051 1423 893 1230 1637 899 751 711 36 
133	66	49	3	1140 155 558 2291 1329 317 764 398 173 1301 
135.1	93	108	1	1359 776 205 1013 1847 1239 463 1970 929 38 
135	87	108	9	742 1589 2326 1980 29 1257 1501 1505 813 2361 
190	114	14	7	1324 451 706 570 1267 68 1372 1674 280 1566 
111.1	175	47	5	781 2040 1624 1061 1600 953 726 1243 74 387 
111	154	47	4	989 575 1198 1426 44 979 543 2386 757 1170 
85.1	181	94	4	2318 55 1393 1845 941 1454 642 919 1441 1952 
85	76	94	2	1262 980 702 2204 1770 2226 1851 1734 730 1038 
257.1	166	37	6	630 2120 1703 1159 2274 1060 908 1597 1299 2121 
257	95	37	3	586 126 572 1124 181 118 2208 1195 322 345 
160.1	135	7	2	2089 780 1270 2328 330 614 1277 525 642 2310 
160	150	7	8	1323 1614 1169 789 2094 491 1815 1619 1851 1733 
145.1	141	106	2	2331 844 2125 2230 2144 1289 1578 1118 1646 561 
145	109	106	3	605 705 557 316 273 134 1904 257 1766 1891 
99	175	54	6	1129 131 2322 974 1810 1779 1778 183 320 1039 
228	115	37	7	458 883 1269 2065 1858 1856 2170 2033 1398 1509 
221.1	3	73	5	2179 2318 1036 1192 1274 349 99 410 1399 1691 
221	149	73	7	769 1301 1302 1308 620 396 235 2050 2055 2207 
158.1	43	57	3	2330 1437 1803 489 1557 2128 2236 120 1680 1769 
158	24	57	2	1084 1147 1206 44 321 342 1675 1676 2114 1463 
59.1	28	59	4	448 782 905 301 611 614 1861 1918 2045 1935 
59	16	59	8	666 395 134 2308 1427 1981 2382 2386 2077 1391 
204.1	166	20	7	1833 1040 207 1068 1219 2312 2143 1391 909 1453 
204	44	20	10	1261 1484 854 693 1948 1589 1057 652 1652 367 
113.1	34	71	2	1317 200 1211 907 1965 1840 1098 354 1693 126 
113	3	71	6	605 1166 1307 595 2092 1858 1859 2208 1851 2119 
234.1	94	134	1	14 1643 717 1842 1841 1181 1447 1566 508 509 
234	60	134	3	151 198 2293 1787 392 272 1896 139 975 21 
9.1	63	29	6	1830 1433 440 617 263 2025 642 2116 531 1868 
9	63	29	5	2297 193 116 1873 2196 1484 1588 878 1658 409 
165.1	118	2	5	631 39 448 205 944 651 2277 353 1518 1453 
165	26	2	8	1129 1268 708 1162 1226 1621 879 182 2384 1377 
247.1	125	97	5	204 1233 940 2236 380 1014 1653 1560 1763 931 
247	133	97	9	156 452 219 492 973 879 2209 1585 2172 325 
240.1	96	103	1	2271 2043 782 1843 1649 1318 74 124 1749 127 
240	118	103	6	1306 210 450 1228 113 1291 1013 200 771 209 
8.1	66	28	4	1217 1184 1846 1276 2110 122 935 1474 2389 1651 
8	99	28	1	601 625 278 1630 2347 1076 1853 859 2154 2248 
287	175	100	7	1209 756 975 1192 814 1393 991 1158 636 1133 
132	125	65	6	1782 316 88 1905 1890 1833 2324 1617 739 409 
11.1	154	118	5	1806 813 2271 1793 947 2233 1883 326 1866 1402 
11	75	118	2	2305 264 115 2196 1421 851 834 2222 2306 1155 
114	76	28	3	1143 318 1782 457 1924 697 950 2152 812 1017 
156.1	154	116	6	890 1313 2043 1554 2027 1496 1952 1762 348 936 
156	135	116	3	1304 709 1200 1050 1616 871 3 541 915 1031 
278.1	119	76	1	1278 1437 2272 1155 1154 726 2036 2339 2353 2167 
278	88	76	8	1304 625 624 557 394 603 1079 1077 525 2110 
224.1	141	143	3	2063 1534 1277 77 1482 2395 402 83 283 1761 
224	114	143	8	214 769 1054 468 1044 1852 839 955 1288 314 
31.1	150	149	9	1204 1308 943 2395 1114 983 1869 2014 2101 872 
31	164	149	1	24 1050 12 1291 1098 1344 701 710 2024 810 
266.1	95	131	4	2128 518 914 1575 932 511 1015 1939 2076 2372 
266	87	131	10	690 794 1160 770 881 1976 1580 455 279 2348 
268.1	24	38	3	1102 1119 498 644 2174 1464 1744 1411 297 822 
268	109	38	4	1116 742 974 1054 23 1960 1975 1628 1784 576 
298	181	84	6	1176 632 16 1137 127 317 966 566 1604 1256 
70	115	66	8	60 2347 2045 2204 156 898 1714 1597 519 183 
260	16	129	9	785 145 205 1311 993 1792 1840 2296 1275 75 
202	43	76	4	308 26 251 2327 2205 937 311 986 1874 193 
