Students	2401
1	292 216 173 14
2	294 218 20 241
3	153 246 101 156
4	291 110 166 128
5	203 108 193 281
6	255 13 121 60
7	241 185 84 18
8	26 182 75 50
9	49 83 208 96
10	120 255 49 241
11	37 152 263 254
12	28 31 88 106
13	37 267 23 270
14	252 119 185 234
15	63 40 154 253
16	298 299 39 2
17	291 252 226 24
18	241 285 133 275
19	87 294 241 24
20	98 282 34 237
21	234 39 56 154
22	69 177 149 83
23	196 268 180 249
24	177 62 31 246
25	166 167 206 279
26	140 208 202 94
27	21 80 174 193
28	34 119 55 81
29	210 243 223 135
30	270 137 50 52
31	191 122 137 175
32	80 61 105 198
33	292 217 1 272
34	167 44 209 84
35	283 203 79 80
36	58 23 133 7
37	103 170 291 242
38	154 263 136 135
39	166 126 78 165
40	120 205 198 108
41	140 125 180 5
42	34 35 258 20
43	62 255 101 289
44	263 158 111 1
45	219 272 95 90
46	67 73 129 41
47	80 98 24 74
48	203 38 49 254
49	27 282 47 67
50	36 249 84 69
51	90 214 228 170
52	4 178 81 173
53	40 60 24 50
54	215 148 27 178
55	245 235 294 85
56	114 170 243 93
57	32 149 182 109
58	54 139 168 299
59	165 248 220 106
60	70 223 169 100
61	249 73 108 53
62	75 205 18 248
63	282 20 210 58
64	175 34 235 215
65	214 55 153 96
66	5 107 39 258
67	196 199 62 274
68	253 190 159 117
69	241 253 216 163
70	170 51 288 25
71	258 296 28 288
72	7 203 170 163
73	123 172 84 124
74	12 111 233 240
75	71 250 260 118
76	280 197 195 14
77	224 274 39 211
78	225 106 134 236
79	175 121 32 285
80	277 295 16 144
81	44 186 174 207
82	211 64 255 193
83	238 86 224 272
84	139 289 183 173
85	52 181 296 295
86	241 37 212 295
87	110 274 206 34
88	55 288 132 80
89	30 43 89 265
90	216 202 119 244
91	211 123 239 230
92	151 129 22 80
93	30 263 189 164
94	286 110 164 198
95	169 275 211 249
96	137 242 236 131
97	203 89 126 144
98	182 269 141 84
99	128 221 285 89
100	125 112 126 119
101	52 219 233 41
102	236 2 201 13
103	205 291 104 185
104	219 176 295 3
105	131 18 36 180
106	241 276 3 102
107	246 132 193 295
108	157 143 244 245
109	274 195 70 207
110	138 214 84 161
111	29 20 258 108
112	53 32 26 155
113	240 79 77 285
114	43 42 72 112
115	106 11 261 112
116	69 280 9 2
117	263 97 92 161
118	216 116 257 274
119	115 27 154 211
120	167 158 244 13
121	220 248 131 42
122	46 8 295 231
123	246 105 65 36
124	116 240 109 36
125	6 151 25 271
126	96 113 257 151
127	298 104 240 213
128	122 214 60 16
129	299 261 260 202
130	149 239 26 184
131	138 63 99 162
132	286 75 198 226
133	149 198 97 87
134	144 110 145 59
135	10 25 263 182
136	26 148 103 123
137	23 90 77 143
138	236 127 128 60
139	107 234 217 37
140	55 161 13 191
141	90 180 176 267
142	36 230 139 191
143	245 267 156 154
144	285 5 144 64
145	260 53 86 296
146	225 187 299 148
147	47 277 132 251
148	27 169 64 45
149	182 77 39 168
150	157 189 35 83
151	122 94 234 216
152	290 137 139 68
153	174 281 95 20
154	192 109 274 108
155	300 133 195 285
156	1 70 247 84
157	214 10 56 47
158	120 72 264 172
159	50 290 185 100
160	218 35 14 236
161	241 12 173 8
162	171 229 58 235
163	296 19 144 150
164	184 130 110 186
165	240 272 185 128
166	26 139 297 92
167	220 148 165 205
168	57 130 13 297
169	186 177 274 162
170	63 3 290 136
171	95 141 24 223
172	14 49 45 271
173	10 198 133 6
174	118 103 254 170
175	296 246 230 274
176	211 98 217 213
177	86 106 206 265
178	124 233 186 83
179	198 271 126 14
180	144 78 241 169
181	150 257 212 29
182	181 137 165 276
183	130 70 74 99
184	245 137 12 250
185	17 230 81 4
186	60 189 107 89
187	68 253 103 233
188	221 87 249 142
189	290 66 7 33
190	159 34 64 174
191	232 105 282 98
192	254 50 102 155
193	105 197 9 202
194	288 206 155 16
195	76 102 196 134
196	10 217 263 149
197	60 203 205 58
198	234 256 163 229
199	136 123 226 34
200	113 240 189 15
201	23 208 132 90
202	273 102 48 295
203	263 169 25 53
204	39 42 146 247
205	165 185 260 135
206	167 138 270 230
207	242 77 78 204
208	242 197 261 54
209	122 241 29 240
210	33 240 256 32
211	180 282 39 97
212	177 226 203 147
213	227 81 108 208
214	71 285 224 16
215	12 196 272 270
216	189 101 38 274
217	289 67 65 169
218	35 277 122 281
219	137 107 247 261
220	68 98 251 270
221	58 176 155 42
222	2 150 24 41
223	80 92 121 248
224	11 223 184 219
225	221 45 125 207
226	1 126 116 137
227	87 287 93 159
228	42 208 19 195
229	286 61 290 101
230	66 28 104 246
231	255 270 64 275
232	188 177 157 126
233	294 26 283 48
234	168 131 109 127
235	116 25 125 221
236	220 294 258 120
237	127 293 69 254
238	216 90 78 198
239	118 253 34 211
240	200 150 251 208
241	185 178 82 269
242	74 55 223 124
243	263 143 148 109
244	190 242 18 24
245	40 191 132 222
246	205 44 263 179
247	222 112 35 16
248	218 164 223 204
249	196 52 89 64
250	58 42 150 1
251	202 283 55 187
252	200 199 223 172
253	121 77 45 73
254	70 60 180 255
255	152 267 215 251
256	180 183 200 270
257	208 145 107 229
258	20 46 34 169
259	48 149 218 181
260	110 99 295 20
261	107 101 76 34
262	76 251 201 209
263	164 9 261 138
264	11 295 117 46
265	19 124 210 152
266	123 289 65 23
267	37 134 76 282
268	164 249 284 185
269	241 297 175 92
270	254 42 176 148
271	286 280 77 233
272	234 213 262 20
273	145 246 51 267
274	193 127 167 126
275	2 193 25 126
276	125 241 120 139
277	215 189 108 297
278	297 1 172 8
279	75 90 266 118
280	190 73 117 251
281	38 58 212 286
282	128 273 153 259
283	248 105 224 231
284	28 288 42 26
285	82 274 19 254
286	238 173 129 215
287	114 145 89 118
288	53 225 199 92
289	87 275 78 134
290	143 48 291 263
291	6 237 279 199
292	52 51 76 271
293	45 153 256 84
294	110 79 217 29
295	121 120 294 56
296	239 176 286 241
297	268 218 49 188
298	9 134 184 108
299	52 217 35 72
300	110 274 51 289
301	43 59 146 6
302	153 177 183 83
303	80 32 242 90
304	54 212 274 220
305	191 277 117 35
306	146 151 123 99
307	244 52 19 5
308	277 202 102 246
309	155 231 138 3
310	211 110 262 100
311	202 65 253 127
312	49 233 193 269
313	196 206 12 84
314	263 271 112 224
315	253 103 226 80
316	83 145 132 28
317	79 298 199 133
318	149 107 114 219
319	62 87 13 220
320	99 250 54 276
321	154 84 100 158
322	79 199 257 37
323	141 23 283 284
324	229 107 82 114
325	294 207 247 288
326	11 127 109 209
327	48 290 248 12
328	279 20 277 85
329	22 200 181 10
330	164 160 276 106
331	25 97 259 201
332	249 5 258 14
333	248 143 51 159
334	80 181 2 44
335	182 118 2 69
336	167 47 152 144
337	201 300 232 120
338	49 150 82 86
339	189 35 164 68
340	98 143 64 109
341	21 198 262 147
342	81 199 253 158
343	55 123 184 146
344	38 208 185 233
345	48 153 257 220
346	69 3 79 159
347	280 181 80 53
348	90 280 92 156
349	226 221 91 93
350	181 146 59 30
351	296 35 254 193
352	58 74 26 99
353	93 292 195 165
354	113 138 299 154
355	166 189 284 249
356	155 223 297 284
357	48 185 129 294
358	181 51 235 261
359	142 148 157 67
360	56 262 140 34
361	171 101 211 27
362	273 80 206 109
363	271 231 13 121
364	106 182 234 28
365	142 42 283 16
366	290 175 2 80
367	23 204 171 286
368	267 38 217 58
369	174 232 223 91
370	77 44 66 57
371	253 62 226 101
372	137 3 290 289
373	43 75 144 140
374	171 159 298 38
375	280 91 291 288
376	101 187 131 75
377	69 209 271 129
378	261 177 198 265
379	236 283 211 294
380	247 115 213 197
381	109 169 10 208
382	30 81 176 184
383	161 13 119 248
384	173 69 199 134
385	237 83 167 22
386	108 199 25 141
387	90 111 95 80
388	32 7 145 182
389	274 141 41 253
390	22 207 12 147
391	117 203 147 37
392	183 254 90 234
393	208 38 279 117
394	175 278 24 179
395	59 25 77 76
396	221 40 61 236
397	294 75 102 136
398	133 185 192 73
399	3 144 194 200
400	90 20 101 72
401	260 256 215 99
402	5 284 224 291
403	281 103 120 209
404	210 23 265 34
405	86 95 282 186
406	47 2 162 68
407	106 232 189 169
408	286 135 47 75
409	134 162 9 132
410	56 30 221 48
411	144 181 159 219
412	186 83 22 46
413	246 108 91 43
414	120 69 166 87
415	24 261 187 256
416	28 94 218 185
417	242 45 213 286
418	231 5 265 84
419	115 16 128 80
420	277 149 267 283
421	85 194 91 44
422	202 95 197 44
423	195 244 164 81
424	63 35 179 261
425	181 105 17 169
426	223 84 220 209
427	19 56 166 214
428	74 293 46 136
429	254 10 133 199
430	53 212 218 7
431	247 127 56 170
432	273 293 82 145
433	94 87 141 124
434	39 253 181 78
435	193 287 217 161
436	151 287 34 66
437	183 29 40 196
438	3 1 300 26
439	5 49 168 274
440	9 237 134 155
441	232 236 142 239
442	238 212 170 159
443	288 284 100 45
444	44 4 84 183
445	100 299 190 297
446	208 51 228 39
447	23 78 39 274
448	59 143 165 40
449	68 129 209 18
450	240 98 284 162
451	58 33 190 188
452	43 247 253 61
453	282 147 44 274
454	152 231 217 10
455	266 203 73 198
456	90 245 48 154
457	114 43 67 63
458	256 74 228 178
459	187 168 151 230
460	33 222 62 263
461	73 181 171 130
462	38 192 203 146
463	116 104 119 135
464	130 231 200 288
465	186 261 223 86
466	148 195 163 299
467	273 92 290 49
468	224 29 295 134
469	154 128 54 35
470	181 249 149 137
471	71 230 77 250
472	105 117 192 79
473	72 261 45 41
474	56 230 40 21
475	195 71 136 287
476	87 238 56 267
477	29 129 65 207
478	190 111 42 54
479	208 161 177 14
480	208 153 186 68
481	265 143 199 226
482	272 47 247 216
483	31 218 97 116
484	140 278 166 187
485	72 100 98 9
486	233 37 296 179
487	149 106 102 297
488	265 127 150 46
489	288 210 158 86
490	28 194 74 122
491	117 274 160 16
492	125 218 247 52
493	252 74 205 16
494	94 169 56 242
495	131 32 96 176
496	210 267 1 174
497	159 146 35 106
498	268 182 74 14
499	296 13 77 279
500	288 175 294 58
501	32 94 98 178
502	86 174 108 128
503	250 23 179 203
504	170 201 153 54
505	198 131 243 27
506	212 15 197 139
507	280 160 296 105
508	195 234 297 225
509	10 47 234 83
510	149 42 107 88
511	239 258 134 266
512	219 1 96 208
513	121 228 233 183
514	123 58 251 178
515	70 177 56 225
516	2 283 30 235
517	121 180 130 200
518	266 194 95 256
519	273 252 276 70
520	115 19 187 119
521	47 138 201 38
522	64 15 176 159
523	77 127 53 249
524	42 3 95 188
525	169 160 198 278
526	209 44 246 57
527	33 121 175 277
528	236 67 118 53
529	105 117 296 32
530	295 263 136 88
531	131 5 9 180
532	299 177 127 18
533	191 33 291 208
534	107 295 288 149
535	242 238 175 16
536	137 143 36 93
537	253 120 10 61
538	110 103 223 253
539	188 292 267 135
540	205 223 267 96
541	156 215 194 184
542	87 219 60 50
543	111 82 262 57
544	57 251 36 79
545	73 294 65 280
546	87 143 106 151
547	214 189 277 54
548	229 64 78 235
549	52 272 30 107
550	238 255 154 294
551	116 65 127 52
552	222 124 23 67
553	27 294 28 141
554	36 183 77 246
555	265 219 30 137
556	176 15 167 25
557	78 145 278 54
558	196 133 25 262
559	102 36 25 171
560	26 225 27 34
561	228 145 274 226
562	87 35 223 63
563	117 274 203 49
564	182 223 140 93
565	104 99 242 39
566	298 210 147 265
567	183 157 44 235
568	115 155 291 60
569	62 82 122 186
570	190 93 24 122
571	155 167 52 123
572	257 195 275 65
573	184 242 272 166
574	22 186 34 269
575	106 157 111 272
576	4 116 268 216
577	117 203 298 64
578	167 177 157 115
579	235 183 226 292
580	18 228 173 81
581	167 285 235 19
582	120 283 62 38
583	13 62 157 119
584	124 97 163 129
585	175 95 131 207
586	40 125 257 193
587	215 127 154 223
588	28 267 136 199
589	244 143 134 209
590	187 175 124 296
591	214 52 96 101
592	84 200 63 134
593	227 256 200 2
594	299 57 264 16
595	117 186 113 157
596	272 117 283 1
597	88 10 170 71
598	134 96 150 277
599	271 4 161 201
600	147 97 276 96
601	8 178 103 44
602	73 227 143 146
603	57 76 278 115
604	208 75 88 90
605	84 236 113 145
606	129 220 281 56
607	212 40 246 71
608	237 45 64 179
609	200 24 256 127
610	233 128 243 62
611	28 289 59 50
612	209 75 274 119
613	226 284 208 136
614	121 59 206 160
615	137 112 225 185
616	280 172 90 196
617	55 231 130 9
618	126 110 223 210
619	175 93 253 161
620	221 13 26 146
621	289 198 271 37
622	75 168 218 2
623	109 144 281 28
624	278 115 279 227
625	278 164 36 8
626	267 142 28 55
627	276 123 177 186
628	46 57 100 182
629	89 235 283 164
630	257 232 103 104
631	165 75 236 120
632	275 209 298 51
633	22 261 140 279
634	86 96 248 176
635	236 42 47 189
636	137 179 126 287
637	49 75 95 26
638	291 67 155 259
639	38 61 291 100
640	272 150 20 211
641	122 80 96 270
642	85 127 160 9
643	67 116 281 34
644	92 268 83 194
645	283 241 84 220
646	70 241 142 58
647	178 222 53 288
648	100 205 228 151
649	177 46 239 118
650	50 300 218 207
651	45 267 275 165
652	265 204 131 198
653	49 30 92 57
654	242 137 120 123
655	33 230 237 220
656	254 187 250 93
657	272 101 261 248
658	203 117 160 79
659	13 249 226 37
660	212 176 126 166
661	142 201 104 78
662	24 193 210 290
663	54 112 6 10
664	242 256 154 213
665	25 182 288 238
666	59 209 64 157
667	67 200 163 40
668	128 195 196 109
669	264 91 125 1
670	288 72 132 299
671	65 293 276 178
672	296 81 180 255
673	169 296 29 92
674	231 27 26 148
675	98 222 227 173
676	18 152 103 76
677	229 82 286 60
678	72 119 103 139
679	151 143 258 107
680	293 131 228 33
681	259 23 40 174
682	138 102 86 208
683	120 36 252 122
684	61 275 252 108
685	39 284 148 172
686	168 252 282 193
687	16 281 273 73
688	241 130 176 83
689	120 20 148 253
690	154 295 266 297
691	41 60 7 272
692	199 22 5 118
693	204 88 44 94
694	131 29 94 146
695	258 72 195 90
696	74 236 270 201
697	114 259 300 209
698	267 227 270 170
699	232 174 230 235
700	29 76 32 127
701	31 227 109 115
702	265 50 286 85
703	17 81 275 240
704	110 286 230 222
705	46 243 65 145
706	182 193 190 139
707	34 194 122 110
708	17 86 165 126
709	54 2 156 35
710	31 46 75 67
711	133 23 290 217
712	226 262 236 197
713	198 183 264 69
714	121 54 273 65
715	63 140 143 151
716	13 96 91 2
717	37 21 234 173
718	236 95 18 76
719	279 172 170 49
720	285 32 23 105
721	96 241 253 175
722	81 120 192 37
723	57 118 179 289
724	125 51 274 212
725	102 237 73 136
726	19 278 251 111
727	60 151 39 184
728	1 159 158 299
729	126 34 96 84
730	2 85 170 213
731	282 184 94 177
732	139 179 209 194
733	295 189 130 125
734	122 115 4 82
735	39 13 81 262
736	142 242 56 139
737	72 116 255 79
738	66 193 291 171
739	124 1 132 269
740	139 45 236 54
741	184 13 241 101
742	268 101 284 135
743	233 4 118 239
744	162 19 264 61
745	208 93 244 243
746	167 249 293 238
747	249 124 198 225
748	109 280 150 241
749	106 22 47 194
750	262 44 146 261
751	133 178 190 7
752	92 175 237 126
753	161 187 40 253
754	272 106 279 107
755	293 300 91 151
756	262 287 276 194
757	124 44 211 111
758	208 64 122 34
759	152 252 125 249
760	230 51 98 41
761	50 57 178 163
762	55 82 179 192
763	188 79 89 283
764	116 215 196 133
765	248 195 243 179
766	283 178 112 265
767	69 144 270 188
768	283 143 53 123
769	221 49 161 224
770	266 248 51 286
771	240 227 127 229
772	209 82 262 271
773	299 169 118 55
774	215 209 259 74
775	262 14 171 152
776	167 135 188 39
777	189 89 203 153
778	34 65 272 179
779	191 227 284 187
780	219 129 160 40
781	8 174 41 111
782	124 239 59 240
783	276 17 279 19
784	117 36 196 1
785	260 23 248 218
786	271 61 37 157
787	182 218 286 51
788	98 47 15 129
789	203 63 4 160
790	181 263 150 242
791	184 269 120 67
792	201 112 185 230
793	171 94 126 174
794	283 35 266 281
795	256 121 189 44
796	250 292 251 112
797	52 213 35 153
798	146 41 32 138
799	186 250 198 34
800	62 44 236 282
801	93 103 224 104
802	277 61 83 175
803	97 61 129 142
804	254 22 296 134
805	33 280 54 166
806	267 69 164 250
807	232 284 288 235
808	262 81 117 91
809	229 296 300 285
810	122 120 291 31
811	82 16 248 229
812	137 124 23 114
813	112 34 135 11
814	287 186 75 124
815	51 159 233 124
816	167 66 149 272
817	196 146 208 150
818	147 281 63 6
819	205 177 137 209
820	249 294 82 154
821	131 125 171 3
822	268 61 88 226
823	42 54 149 144
824	107 223 284 264
825	59 96 48 154
826	216 182 128 195
827	281 238 146 190
828	38 119 54 216
829	30 188 252 205
830	57 261 10 91
831	245 193 175 142
832	115 7 81 34
833	76 107 205 72
834	231 69 11 147
835	110 199 215 4
836	96 92 300 125
837	52 127 97 75
838	259 146 48 289
839	224 273 220 181
840	212 274 58 68
841	200 269 211 112
842	230 259 164 26
843	102 263 7 122
844	15 145 48 179
845	235 83 200 62
846	233 200 250 22
847	5 139 13 280
848	210 47 121 86
849	18 185 192 299
850	191 231 47 192
851	71 200 11 136
852	48 39 95 149
853	1 138 232 161
854	203 62 204 237
855	37 217 56 270
856	284 106 162 61
857	18 207 196 236
858	206 271 214 294
859	199 8 93 24
860	46 66 102 209
861	245 229 102 128
862	171 120 183 169
863	86 276 126 2
864	256 248 72 193
865	241 168 230 77
866	105 40 267 76
867	122 30 139 231
868	35 28 26 49
869	44 215 150 296
870	295 151 129 181
871	156 293 279 205
872	211 31 37 26
873	118 253 49 66
874	143 39 243 274
875	254 134 66 175
876	178 69 226 267
877	285 91 23 181
878	55 9 75 39
879	165 247 2 137
880	245 250 297 15
881	292 96 266 152
882	103 185 199 188
883	6 292 279 228
884	87 188 263 219
885	207 200 91 213
886	63 226 230 264
887	248 260 118 56
888	183 1 86 27
889	129 71 50 271
890	101 81 88 156
891	60 22 99 203
892	15 279 276 196
893	272 40 133 15
894	254 193 225 58
895	86 283 39 273
896	45 46 129 138
897	143 62 283 258
898	242 238 70 71
899	133 150 40 207
900	199 264 284 293
901	130 27 238 286
902	295 54 80 47
903	99 74 130 241
904	239 44 138 300
905	177 59 300 136
906	182 191 210 90
907	189 141 244 113
908	284 159 257 2
909	204 66 179 30
910	283 187 22 99
911	165 213 27 237
912	116 289 153 206
913	94 34 78 30
914	238 266 15 93
915	156 141 66 189
916	193 225 222 189
917	170 171 102 93
918	63 193 226 159
919	210 112 263 85
920	139 17 183 115
921	123 148 215 154
922	10 244 57 129
923	73 89 129 44
924	188 154 231 106
925	166 295 282 244
926	29 271 8 49
927	116 67 144 160
928	17 206 107 87
929	124 238 154 135
930	42 174 131 216
931	250 247 116 235
932	266 144 63 86
933	88 108 104 166
934	245 7 236 196
935	8 4 140 39
936	156 258 256 172
937	298 228 202 196
938	98 180 104 232
939	65 297 237 95
940	247 105 299 162
941	114 85 4 285
942	157 139 104 127
943	152 160 222 31
944	277 75 165 210
945	217 127 285 184
946	184 24 300 48
947	58 150 231 11
948	106 153 118 184
949	222 146 236 216
950	215 250 114 283
951	37 261 13 58
952	140 205 108 284
953	212 48 111 157
954	277 58 68 61
955	276 224 250 231
956	95 140 68 52
957	29 198 200 49
958	191 24 22 102
959	66 42 288 213
960	150 193 190 184
961	161 115 256 12
962	101 130 92 167
963	109 146 168 225
964	195 167 68 243
965	28 37 294 137
966	10 34 298 23
967	28 58 290 167
968	157 96 142 128
969	48 93 163 75
970	13 188 189 35
971	78 209 177 262
972	273 138 277 62
973	146 247 134 143
974	268 99 45 63
975	183 234 287 251
976	241 206 259 187
977	22 97 73 133
978	134 27 239 219
979	16 54 111 251
980	169 291 192 85
981	299 58 186 179
982	172 163 229 209
983	31 211 248 194
984	299 37 38 72
985	120 138 151 26
986	289 139 202 71
987	95 115 50 197
988	179 174 18 223
989	65 111 78 300
990	265 252 81 83
991	287 129 170 134
992	106 19 72 28
993	96 136 260 177
994	299 212 284 95
995	52 283 259 16
996	272 98 262 182
997	60 68 16 1
998	167 248 294 124
999	139 209 106 180
1000	280 53 136 279
1001	111 273 220 93
1002	168 220 169 197
1003	58 135 300 71
1004	5 132 9 38
1005	28 236 81 262
1006	207 238 1 244
1007	124 170 63 151
1008	129 181 228 91
1009	32 23 119 94
1010	38 69 211 279
1011	91 282 187 166
1012	171 81 12 214
1013	135 141 240 196
1014	174 92 247 3
1015	275 141 184 266
1016	294 208 205 183
1017	187 206 214 114
1018	28 35 195 34
1019	41 181 107 154
1020	43 297 264 74
1021	178 205 18 147
1022	146 201 40 148
1023	285 212 210 174
1024	245 277 250 132
1025	125 272 236 142
1026	57 44 173 132
1027	66 84 212 255
1028	183 291 104 193
1029	78 103 292 253
1030	255 102 281 55
1031	282 133 52 156
1032	203 87 143 80
1033	138 10 96 71
1034	117 214 164 269
1035	245 21 26 70
1036	221 223 33 187
1037	80 7 288 112
1038	77 85 292 151
1039	43 99 138 112
1040	204 154 55 29
1041	194 174 17 249
1042	82 120 97 299
1043	13 264 43 300
1044	199 84 224 63
1045	187 48 129 191
1046	293 203 10 235
1047	163 39 134 17
1048	249 109 169 58
1049	217 215 117 112
1050	31 156 262 104
1051	233 163 133 2
1052	62 164 205 167
1053	28 6 245 150
1054	268 224 229 126
1055	299 35 51 121
1056	197 179 205 131
1057	54 204 243 15
1058	41 244 61 6
1059	136 149 19 21
1060	257 208 181 231
1061	38 293 111 13
1062	67 169 150 19
1063	115 105 112 251
1064	210 77 229 155
1065	63 244 288 40
1066	161 180 13 103
1067	180 300 116 28
1068	204 286 280 144
1069	10 88 296 115
1070	292 185 94 39
1071	134 130 205 164
1072	298 236 177 152
1073	73 227 122 68
1074	142 109 117 212
1075	36 238 286 166
1076	184 75 8 3
1077	98 28 278 235
1078	14 39 155 184
1079	105 278 222 33
1080	143 20 87 174
1081	76 207 49 261
1082	92 94 252 233
1083	293 215 220 42
1084	170 51 223 158
1085	182 296 161 211
1086	41 116 24 83
1087	231 19 137 72
1088	227 152 108 194
1089	40 41 25 94
1090	105 185 33 123
1091	232 176 215 51
1092	288 36 271 161
1093	94 62 44 110
1094	139 238 99 22
1095	118 76 119 237
1096	243 25 139 95
1097	277 269 54 189
1098	31 239 78 113
1099	22 47 214 154
1100	117 183 212 18
1101	196 121 87 27
1102	89 191 268 186
1103	245 170 102 12
1104	3 299 193 255
1105	180 229 194 182
1106	86 248 50 213
1107	264 207 49 153
1108	71 126 285 178
1109	190 60 13 104
1110	203 47 54 61
1111	126 236 173 91
1112	216 241 28 277
1113	2 68 76 115
1114	31 75 28 152
1115	283 164 166 38
1116	154 62 230 268
1117	214 177 275 60
1118	212 145 244 297
1119	229 268 280 48
1120	265 141 130 78
1121	117 88 46 4
1122	26 30 270 7
1123	265 191 194 106
1124	257 30 297 170
1125	261 86 45 34
1126	168 197 87 48
1127	2 186 244 57
1128	295 178 239 103
1129	178 165 99 199
1130	262 35 233 4
1131	164 78 290 129
1132	19 210 191 18
1133	164 192 287 200
1134	206 58 112 163
1135	259 205 237 230
1136	244 97 95 228
1137	119 298 67 143
1138	243 281 233 41
1139	244 44 95 216
1140	12 299 133 1
1141	147 52 215 218
1142	222 220 66 162
1143	35 86 114 173
1144	141 137 184 150
1145	30 12 52 142
1146	243 131 193 267
1147	158 292 125 290
1148	255 178 167 251
1149	127 190 77 97
1150	178 72 74 227
1151	292 254 95 215
1152	161 191 200 74
1153	28 201 15 69
1154	278 1 75 174
1155	278 11 147 80
1156	54 64 295 62
1157	220 151 99 295
1158	128 194 237 287
1159	257 244 180 57
1160	244 109 266 214
1161	61 222 79 30
1162	64 165 54 189
1163	183 191 169 166
1164	6 58 269 209
1165	217 186 291 241
1166	113 286 174 223
1167	182 123 63 147
1168	29 288 56 19
1169	160 83 87 17
1170	76 71 210 111
1171	297 121 235 237
1172	88 263 199 67
1173	119 54 168 212
1174	141 267 125 281
1175	166 220 18 164
1176	66 298 101 203
1177	104 255 214 180
1178	41 37 61 206
1179	296 55 171 150
1180	24 180 36 153
1181	112 78 89 234
1182	22 89 173 217
1183	75 94 195 225
1184	179 8 80 262
1185	1 144 87 75
1186	294 184 277 80
1187	50 37 78 274
1188	225 263 3 235
1189	293 140 226 251
1190	250 208 120 37
1191	155 219 253 292
1192	221 287 58 237
1193	126 30 220 45
1194	14 3 241 164
1195	72 257 196 104
1196	218 154 274 126
1197	76 243 291 215
1198	23 111 166 297
1199	153 7 90 284
1200	107 156 141 118
1201	222 136 81 209
1202	170 236 75 122
1203	246 238 146 67
1204	17 31 46 2
1205	117 77 192 254
1206	58 158 118 25
1207	94 139 39 154
1208	171 124 203 67
1209	194 287 163 184
1210	239 48 76 64
1211	297 299 113 47
1212	107 130 68 101
1213	14 157 253 149
1214	149 264 292 200
1215	172 48 66 64
1216	207 181 152 79
1217	248 8 97 21
1218	242 127 116 191
1219	38 36 204 211
1220	184 78 68 244
1221	29 171 254 98
1222	13 105 50 53
1223	205 291 233 232
1224	42 65 260 153
1225	34 105 159 68
1226	139 165 61 232
1227	163 283 238 53
1228	90 3 230 240
1229	80 79 148 183
1230	281 62 131 133
1231	291 83 155 279
1232	279 194 225 216
1233	230 184 24 247
1234	48 170 143 23
1235	118 297 127 36
1236	107 259 279 114
1237	63 244 185 230
1238	181 86 217 283
1239	135 19 28 39
1240	81 73 109 244
1241	134 63 14 65
1242	232 58 259 176
1243	111 217 76 256
1244	162 213 209 17
1245	143 106 21 171
1246	155 210 284 183
1247	181 258 60 175
1248	222 57 1 148
1249	89 110 188 128
1250	96 78 120 284
1251	205 244 180 201
1252	174 162 118 260
1253	265 78 236 188
1254	284 170 201 215
1255	205 293 254 56
1256	178 298 55 143
1257	226 81 135 199
1258	254 116 125 223
1259	248 3 142 34
1260	215 210 189 128
1261	245 204 124 178
1262	36 78 112 85
1263	16 182 104 246
1264	193 45 159 294
1265	134 183 200 256
1266	15 128 96 187
1267	190 23 179 265
1268	22 165 76 120
1269	279 228 7 186
1270	122 210 252 160
1271	28 71 152 143
1272	72 128 273 241
1273	244 34 118 187
1274	33 61 218 221
1275	33 96 259 260
1276	108 8 241 269
1277	224 19 114 160
1278	279 39 65 278
1279	26 274 139 239
1280	255 91 100 195
1281	254 151 281 97
1282	77 295 154 287
1283	169 56 223 227
1284	140 171 293 86
1285	209 223 86 82
1286	61 280 46 68
1287	210 245 232 128
1288	224 17 28 152
1289	134 110 145 161
1290	74 70 126 149
1291	138 31 240 108
1292	299 172 289 12
1293	257 141 15 55
1294	289 179 32 135
1295	201 39 230 83
1296	296 201 213 91
1297	285 262 90 98
1298	64 120 256 245
1299	159 4 48 257
1300	213 142 148 60
1301	133 171 221 103
1302	270 219 252 221
1303	153 98 170 73
1304	86 267 278 156
1305	203 143 174 21
1306	191 50 60 240
1307	72 285 113 217
1308	254 31 221 12
1309	236 200 10 57
1310	37 147 148 269
1311	73 263 269 260
1312	20 250 1 184
1313	235 156 212 211
1314	116 261 21 108
1315	245 291 141 194
1316	239 273 109 148
1317	113 263 246 229
1318	177 82 69 240
1319	173 251 293 259
1320	1 295 214 81
1321	201 151 18 106
1322	82 289 138 29
1323	120 96 36 160
1324	190 102 89 50
1325	28 162 87 182
1326	78 68 33 142
1327	226 98 110 34
1328	48 51 57 184
1329	55 214 133 195
1330	246 90 187 190
1331	290 146 201 274
1332	244 179 88 24
1333	132 90 214 154
1334	205 291 81 189
1335	67 4 126 215
1336	138 28 246 54
1337	300 201 92 281
1338	84 208 252 182
1339	38 65 119 81
1340	197 256 182 139
1341	283 32 71 254
1342	17 177 171 207
1343	265 29 110 42
1344	151 100 139 31
1345	193 34 292 146
1346	178 86 175 164
1347	166 47 117 143
1348	259 25 60 144
1349	123 42 275 136
1350	287 233 47 76
1351	102 49 146 245
1352	208 101 219 229
1353	43 277 68 106
1354	102 12 77 252
1355	299 168 35 210
1356	172 183 277 63
1357	102 162 10 63
1358	36 51 242 93
1359	135 191 289 181
1360	123 103 198 294
1361	22 79 279 116
1362	47 261 97 286
1363	96 205 39 98
1364	37 44 163 294
1365	274 174 33 91
1366	5 297 250 211
1367	246 184 124 110
1368	246 233 200 188
1369	63 90 292 61
1370	215 235 173 21
1371	197 175 180 42
1372	16 64 284 190
1373	170 269 141 100
1374	235 282 67 124
1375	237 130 37 38
1376	58 128 284 87
1377	138 165 142 115
1378	212 177 173 179
1379	73 295 192 77
1380	15 223 82 241
1381	84 160 285 294
1382	30 231 290 79
1383	77 150 69 45
1384	66 259 248 188
1385	90 265 223 180
1386	41 29 246 80
1387	150 258 100 298
1388	243 282 187 285
1389	94 157 67 69
1390	25 200 39 10
1391	43 74 204 59
1392	157 95 278 203
1393	287 85 37 170
1394	292 103 238 258
1395	292 120 217 37
1396	85 237 248 184
1397	285 138 87 199
1398	228 3 18 128
1399	277 221 127 139
1400	242 151 198 208
1401	242 263 63 82
1402	157 136 152 11
1403	183 265 102 36
1404	262 251 229 127
1405	206 180 162 86
1406	154 275 103 112
1407	238 126 115 202
1408	54 277 161 282
1409	149 222 284 12
1410	38 162 285 230
1411	268 276 216 226
1412	1 186 233 95
1413	119 3 5 36
1414	46 272 74 267
1415	157 194 265 36
1416	29 232 299 86
1417	293 29 254 188
1418	65 296 274 95
1419	191 129 205 185
1420	103 188 162 296
1421	55 69 11 239
1422	253 248 117 41
1423	176 133 130 186
1424	81 223 10 37
1425	164 182 148 36
1426	52 67 111 214
1427	59 28 126 21
1428	69 161 252 1
1429	218 52 136 232
1430	168 104 163 57
1431	200 107 171 297
1432	23 216 173 276
1433	116 101 9 150
1434	105 79 114 281
1435	79 279 75 292
1436	38 233 131 216
1437	158 272 46 278
1438	57 167 186 287
1439	192 90 86 240
1440	196 134 87 172
1441	87 203 5 85
1442	49 289 121 107
1443	248 83 170 116
1444	225 103 58 64
1445	290 96 279 51
1446	87 106 75 58
1447	219 234 152 212
1448	10 59 17 158
1449	18 64 108 21
1450	43 229 284 192
1451	41 291 63 56
1452	171 261 191 146
1453	212 134 165 204
1454	85 298 282 193
1455	43 68 17 193
1456	279 26 121 56
1457	51 49 272 260
1458	50 15 263 221
1459	235 159 53 150
1460	231 277 26 48
1461	247 255 110 287
1462	194 170 53 239
1463	202 53 35 158
1464	136 268 52 176
1465	120 246 150 56
1466	193 90 25 13
1467	3 138 94 178
1468	198 123 25 276
1469	201 296 265 263
1470	177 217 238 209
1471	125 82 250 254
1472	235 155 82 131
1473	90 190 38 130
1474	207 201 102 8
1475	187 108 248 270
1476	38 267 120 233
1477	142 38 119 84
1478	185 249 253 101
1479	116 181 249 50
1480	76 277 212 201
1481	176 67 2 251
1482	224 203 233 219
1483	35 141 30 252
1484	19 60 204 9
1485	84 2 104 127
1486	48 217 208 227
1487	184 223 87 189
1488	188 14 33 66
1489	277 201 32 138
1490	242 276 27 140
1491	68 125 192 237
1492	86 263 249 103
1493	121 77 63 13
1494	255 19 22 52
1495	52 287 141 142
1496	156 257 137 261
1497	112 62 219 300
1498	98 138 214 262
1499	7 35 100 209
1500	179 7 291 293
1501	297 231 135 188
1502	248 189 218 143
1503	36 222 210 42
1504	81 140 212 37
1505	5 96 203 135
1506	34 100 276 79
1507	178 254 5 75
1508	274 265 229 233
1509	228 283 21 3
1510	140 284 203 102
1511	129 42 108 69
1512	159 222 230 191
1513	191 12 87 144
1514	4 1 177 298
1515	300 4 231 181
1516	45 274 110 182
1517	281 175 244 181
1518	286 39 165 112
1519	6 223 102 96
1520	161 146 295 251
1521	168 266 275 252
1522	139 198 151 79
1523	42 139 127 300
1524	285 176 58 97
1525	300 75 52 298
1526	4 164 96 46
1527	126 248 103 98
1528	241 175 68 229
1529	294 285 35 262
1530	53 123 130 279
1531	101 158 140 211
1532	125 296 148 217
1533	161 104 283 246
1534	52 224 65 237
1535	47 300 170 185
1536	82 249 39 89
1537	143 47 108 28
1538	220 218 91 84
1539	237 20 235 126
1540	123 148 275 227
1541	128 36 3 146
1542	5 16 74 154
1543	128 87 187 116
1544	265 30 39 294
1545	297 189 14 197
1546	198 246 75 2
1547	185 83 255 82
1548	138 14 38 168
1549	209 10 230 4
1550	64 104 271 201
1551	178 79 45 244
1552	284 88 231 275
1553	216 205 125 64
1554	156 129 24 265
1555	283 206 277 229
1556	243 126 285 250
1557	182 293 178 158
1558	241 150 155 211
1559	2 174 200 148
1560	296 184 247 68
1561	143 270 233 203
1562	154 169 195 166
1563	286 205 80 28
1564	26 167 14 121
1565	261 295 273 66
1566	5 234 175 190
1567	177 50 187 113
1568	182 197 189 293
1569	259 174 112 21
1570	189 196 188 193
1571	254 259 169 40
1572	29 55 291 75
1573	36 212 25 179
1574	96 281 56 4
1575	115 266 139 128
1576	159 129 173 167
1577	287 259 21 286
1578	155 95 145 26
1579	297 102 259 112
1580	162 265 17 266
1581	126 188 131 236
1582	69 28 43 4
1583	251 256 175 87
1584	152 159 141 258
1585	247 159 134 110
1586	33 154 235 244
1587	258 63 255 134
1588	9 244 40 134
1589	135 173 272 204
1590	38 76 193 272
1591	45 182 101 89
1592	300 248 139 285
1593	271 288 120 172
1594	207 233 203 220
1595	144 95 84 105
1596	231 166 282 295
1597	273 257 56 70
1598	78 137 203 87
1599	113 203 49 38
1600	19 60 111 107
1601	176 150 237 147
1602	244 216 99 218
1603	118 235 166 233
1604	192 293 298 55
1605	127 243 182 237
1606	228 180 82 83
1607	132 79 33 118
1608	269 255 33 174
1609	154 86 19 246
1610	23 118 169 61
1611	107 297 253 15
1612	254 38 84 232
1613	245 4 40 37
1614	248 127 44 160
1615	36 197 44 26
1616	69 269 81 156
1617	132 270 79 52
1618	96 3 53 220
1619	81 160 63 64
1620	192 200 88 33
1621	74 165 5 229
1622	169 47 102 191
1623	166 258 225 121
1624	291 230 71 111
1625	78 117 286 206
1626	229 187 150 72
1627	251 197 82 216
1628	162 97 268 141
1629	210 270 180 14
1630	8 92 93 66
1631	216 285 74 136
1632	203 259 125 126
1633	182 43 153 198
1634	166 54 194 74
1635	150 199 263 86
1636	200 269 149 161
1637	106 272 226 133
1638	276 39 289 140
1639	116 200 131 103
1640	96 3 5 100
1641	175 30 104 206
1642	79 152 288 217
1643	21 234 82 99
1644	172 89 33 166
1645	87 105 141 190
1646	145 71 46 120
1647	26 206 294 41
1648	256 61 285 101
1649	35 240 147 236
1650	232 212 60 288
1651	184 8 103 176
1652	48 30 204 211
1653	30 188 26 247
1654	14 270 45 151
1655	164 55 17 65
1656	22 39 81 263
1657	121 239 23 17
1658	38 131 270 9
1659	26 155 95 92
1660	39 51 84 43
1661	244 3 199 251
1662	228 141 163 40
1663	37 11 236 144
1664	89 292 220 62
1665	294 275 74 94
1666	234 191 132 98
1667	56 231 161 188
1668	147 235 195 83
1669	218 6 3 134
1670	5 147 34 85
1671	216 100 284 290
1672	98 6 274 118
1673	271 259 275 69
1674	236 41 107 190
1675	289 142 215 158
1676	183 245 158 195
1677	172 118 253 137
1678	7 288 48 38
1679	210 163 124 96
1680	65 158 125 96
1681	166 197 286 155
1682	123 209 94 89
1683	196 67 70 289
1684	101 134 106 36
1685	170 41 178 18
1686	20 73 238 276
1687	84 280 273 195
1688	103 118 199 20
1689	162 134 75 196
1690	280 95 283 77
1691	221 280 172 192
1692	269 232 193 239
1693	56 113 274 285
1694	51 198 200 274
1695	213 154 84 87
1696	33 231 82 63
1697	43 53 7 71
1698	203 184 84 108
1699	12 290 170 100
1700	218 151 89 152
1701	52 171 153 32
1702	227 199 47 112
1703	129 257 300 148
1704	296 282 94 129
1705	287 55 140 72
1706	244 130 203 39
1707	39 62 96 300
1708	297 212 233 170
1709	79 267 39 30
1710	233 166 244 163
1711	104 227 212 75
1712	46 67 174 122
1713	273 170 19 212
1714	117 258 178 70
1715	131 276 243 142
1716	100 205 50 51
1717	267 159 22 233
1718	197 285 179 62
1719	124 139 21 88
1720	78 91 201 176
1721	130 269 96 86
1722	292 5 219 297
1723	39 217 252 225
1724	73 255 21 32
1725	148 84 227 177
1726	191 259 2 199
1727	213 41 252 297
1728	271 181 254 4
1729	192 269 151 271
1730	143 184 276 141
1731	150 30 129 214
1732	138 270 67 284
1733	69 37 14 160
1734	87 85 262 45
1735	178 119 6 126
1736	147 225 30 115
1737	86 57 129 95
1738	193 233 289 200
1739	218 272 83 210
1740	157 239 6 90
1741	127 72 73 157
1742	185 40 173 203
1743	118 33 137 5
1744	268 126 162 38
1745	273 213 1 27
1746	23 297 174 241
1747	32 215 198 186
1748	25 150 218 272
1749	125 240 44 137
1750	95 300 239 272
1751	218 64 239 130
1752	120 229 74 73
1753	102 251 163 94
1754	4 189 152 212
1755	270 209 46 139
1756	137 154 145 238
1757	225 89 100 264
1758	226 273 289 131
1759	72 166 241 124
1760	14 22 270 250
1761	275 87 224 59
1762	108 121 19 156
1763	183 151 38 247
1764	234 85 140 174
1765	290 173 44 74
1766	145 106 2 136
1767	15 211 248 73
1768	30 171 43 7
1769	88 158 300 29
1770	85 43 63 117
1771	50 284 84 56
1772	177 127 229 125
1773	208 178 162 134
1774	37 161 231 26
1775	17 45 22 276
1776	201 87 236 205
1777	120 62 90 65
1778	183 99 65 57
1779	22 199 18 99
1780	20 72 227 118
1781	147 48 227 22
1782	128 114 132 28
1783	6 23 94 121
1784	209 268 148 25
1785	89 265 241 14
1786	217 46 281 232
1787	169 183 234 24
1788	254 134 78 16
1789	253 58 243 192
1790	32 75 246 105
1791	282 62 159 151
1792	225 260 153 283
1793	130 120 121 11
1794	124 167 66 94
1795	90 275 283 291
1796	144 280 193 253
1797	264 93 103 255
1798	290 299 188 61
1799	75 2 265 62
1800	184 262 136 256
1801	142 263 2 60
1802	248 285 47 38
1803	158 37 28 119
1804	295 123 146 299
1805	97 21 229 28
1806	172 264 49 11
1807	126 109 195 78
1808	284 182 206 231
1809	6 34 243 198
1810	56 67 226 99
1811	65 122 67 191
1812	276 218 20 215
1813	45 17 23 294
1814	124 38 169 219
1815	160 6 29 84
1816	138 139 283 22
1817	196 271 214 53
1818	281 43 33 284
1819	126 5 227 289
1820	258 138 86 289
1821	163 43 76 20
1822	276 285 142 45
1823	60 189 5 7
1824	92 193 159 73
1825	273 233 7 211
1826	172 225 102 182
1827	117 155 283 223
1828	260 49 113 166
1829	82 56 225 76
1830	214 83 169 9
1831	176 273 50 56
1832	264 2 140 50
1833	204 132 140 296
1834	137 168 214 127
1835	56 163 81 106
1836	170 152 1 189
1837	46 274 50 124
1838	141 250 95 170
1839	78 137 97 246
1840	260 98 181 113
1841	101 76 234 225
1842	148 86 234 115
1843	4 230 240 57
1844	255 215 13 230
1845	142 38 128 85
1846	8 167 36 235
1847	187 295 135 18
1848	64 4 200 58
1849	22 81 19 109
1850	101 34 19 246
1851	113 160 246 85
1852	212 224 164 83
1853	263 220 275 8
1854	89 280 41 54
1855	128 146 151 225
1856	144 253 228 81
1857	290 116 109 147
1858	180 51 228 113
1859	171 212 113 3
1860	218 211 103 45
1861	59 24 38 20
1862	128 203 153 50
1863	258 265 93 112
1864	27 68 223 21
1865	64 299 293 57
1866	178 176 11 298
1867	60 52 119 217
1868	9 261 44 230
1869	31 81 184 220
1870	94 102 241 218
1871	170 30 254 290
1872	128 22 217 33
1873	227 9 1 27
1874	209 103 202 245
1875	207 100 161 4
1876	281 189 175 196
1877	244 125 128 274
1878	39 295 89 63
1879	122 38 203 23
1880	101 168 246 60
1881	270 230 156 179
1882	264 87 193 141
1883	11 153 175 256
1884	181 260 73 115
1885	173 88 2 1
1886	39 237 211 272
1887	279 111 64 162
1888	181 54 188 24
1889	267 195 149 177
1890	270 132 263 265
1891	255 145 185 264
1892	291 182 213 91
1893	218 195 184 62
1894	288 71 170 173
1895	176 178 283 299
1896	21 288 13 234
1897	254 192 150 154
1898	48 286 280 151
1899	155 108 49 164
1900	123 64 276 80
1901	123 26 163 168
1902	259 297 75 258
1903	215 155 93 21
1904	145 137 57 39
1905	199 191 42 132
1906	181 280 146 149
1907	126 300 147 144
1908	126 128 10 97
1909	246 137 218 286
1910	178 109 276 45
1911	5 15 227 162
1912	242 180 187 18
1913	186 225 92 279
1914	178 246 171 196
1915	136 296 32 128
1916	190 100 164 174
1917	186 251 243 258
1918	64 46 110 59
1919	57 229 46 208
1920	155 10 15 206
1921	121 152 4 255
1922	282 219 96 255
1923	16 183 74 77
1924	206 114 149 277
1925	75 170 264 16
1926	144 91 44 277
1927	200 81 24 43
1928	112 6 171 157
1929	4 222 150 20
1930	64 127 16 261
1931	86 201 23 63
1932	182 98 47 170
1933	68 107 17 300
1934	254 222 209 251
1935	59 15 26 16
1936	166 22 280 283
1937	189 153 134 49
1938	168 183 151 14
1939	15 266 50 228
1940	258 49 10 19
1941	213 186 147 171
1942	74 233 255 173
1943	227 37 149 93
1944	217 231 121 119
1945	282 159 260 223
1946	178 33 236 92
1947	252 154 214 207
1948	167 140 204 96
1949	223 188 66 153
1950	53 188 100 12
1951	98 48 55 32
1952	156 85 201 250
1953	137 186 20 223
1954	233 94 154 18
1955	192 157 6 245
1956	93 217 253 28
1957	226 270 124 78
1958	167 138 197 200
1959	3 133 257 136
1960	276 42 100 268
1961	93 207 84 100
1962	265 149 188 134
1963	122 1 212 273
1964	86 35 123 142
1965	222 113 147 162
1966	262 175 1 88
1967	300 78 108 36
1968	16 193 131 97
1969	295 216 125 255
1970	289 135 125 137
1971	192 48 65 88
1972	259 80 205 258
1973	219 256 184 76
1974	32 53 152 44
1975	268 52 141 148
1976	266 163 182 38
1977	169 82 129 83
1978	106 289 71 127
1979	170 141 12 174
1980	152 124 135 277
1981	272 59 26 56
1982	285 32 155 136
1983	254 203 208 264
1984	110 116 65 291
1985	279 10 250 235
1986	66 186 118 105
1987	119 148 63 45
1988	75 175 122 18
1989	2 245 30 1
1990	245 105 76 41
1991	28 232 173 211
1992	124 28 39 90
1993	129 255 248 245
1994	47 130 225 187
1995	65 243 163 219
1996	116 55 107 250
1997	119 275 107 17
1998	35 143 139 48
1999	90 276 4 51
2000	115 70 159 218
2001	159 243 168 72
2002	84 245 149 179
2003	282 183 42 215
2004	236 172 227 265
2005	124 5 32 143
2006	99 213 140 284
2007	79 263 18 243
2008	119 148 87 38
2009	280 249 10 6
2010	117 112 191 151
2011	264 131 193 188
2012	114 29 19 261
2013	119 69 10 26
2014	110 31 49 136
2015	142 288 223 149
2016	32 263 127 297
2017	203 80 34 290
2018	197 13 194 81
2019	124 170 220 72
2020	96 15 120 254
2021	286 249 158 178
2022	213 73 151 100
2023	300 54 119 102
2024	106 31 27 154
2025	206 9 53 104
2026	17 252 202 73
2027	156 121 280 83
2028	35 12 206 286
2029	169 250 181 249
2030	28 255 211 78
2031	231 293 17 74
2032	212 205 271 95
2033	228 271 189 19
2034	69 272 108 225
2035	74 138 197 124
2036	232 64 278 223
2037	79 177 276 125
2038	115 252 14 26
2039	185 267 66 47
2040	101 143 142 111
2041	141 201 168 20
2042	27 49 73 289
2043	129 240 36 156
2044	40 215 201 20
2045	59 70 195 258
2046	23 41 217 210
2047	25 249 291 30
2048	239 97 272 23
2049	72 30 281 20
2050	102 294 221 179
2051	133 277 189 236
2052	227 253 276 71
2053	214 237 183 161
2054	139 193 174 291
2055	221 33 188 17
2056	72 286 96 162
2057	129 66 200 35
2058	46 270 117 215
2059	139 67 37 232
2060	274 43 279 2
2061	192 162 163 114
2062	82 206 56 175
2063	132 4 224 203
2064	39 91 161 52
2065	272 228 9 297
2066	236 291 105 144
2067	61 153 256 300
2068	241 143 14 200
2069	288 22 183 71
2070	128 174 56 150
2071	115 187 25 274
2072	106 131 27 182
2073	233 20 222 186
2074	12 218 62 146
2075	244 87 80 219
2076	74 271 157 266
2077	75 59 212 146
2078	249 57 77 94
2079	137 205 2 19
2080	26 154 146 164
2081	51 53 34 21
2082	14 121 209 69
2083	124 91 169 118
2084	91 264 251 225
2085	122 77 24 147
2086	232 269 52 274
2087	174 282 243 213
2088	248 104 60 39
2089	153 142 227 160
2090	267 246 231 36
2091	232 248 122 54
2092	113 84 291 155
2093	33 97 217 83
2094	118 160 151 7
2095	107 153 141 21
2096	52 300 269 74
2097	248 155 97 262
2098	168 140 155 196
2099	193 63 103 86
2100	80 213 66 191
2101	177 219 31 16
2102	223 221 121 22
2103	206 219 96 87
2104	231 293 122 96
2105	172 142 241 57
2106	219 78 143 37
2107	64 53 108 97
2108	200 202 289 136
2109	42 163 197 290
2110	278 79 8 277
2111	222 10 47 27
2112	1 134 276 25
2113	146 204 263 283
2114	262 158 231 140
2115	71 115 45 118
2116	191 9 273 40
2117	275 108 185 203
2118	239 216 19 284
2119	245 90 81 113
2120	257 22 286 242
2121	277 257 244 23
2122	64 193 191 212
2123	86 213 163 97
2124	155 80 114 105
2125	145 7 186 62
2126	237 81 259 279
2127	188 73 265 68
2128	158 266 153 154
2129	80 125 127 215
2130	2 267 246 137
2131	197 255 181 162
2132	246 34 3 42
2133	198 207 185 172
2134	86 226 210 105
2135	139 83 167 242
2136	56 214 6 198
2137	245 128 172 259
2138	194 296 90 25
2139	122 179 274 41
2140	163 280 154 158
2141	34 238 178 212
2142	23 225 190 150
2143	219 122 291 204
2144	155 210 145 237
2145	217 209 213 200
2146	35 245 275 272
2147	20 129 157 173
2148	145 144 261 105
2149	67 110 176 45
2150	127 32 144 279
2151	129 179 201 14
2152	116 114 197 121
2153	144 297 206 76
2154	255 100 8 137
2155	250 30 171 292
2156	124 167 241 216
2157	84 148 18 51
2158	114 128 231 294
2159	51 67 110 88
2160	251 242 101 10
2161	99 127 218 110
2162	228 265 79 55
2163	262 214 177 179
2164	56 65 67 182
2165	244 60 290 141
2166	221 213 116 291
2167	210 88 278 292
2168	108 103 236 152
2169	166 175 205 203
2170	216 228 196 76
2171	157 251 175 104
2172	215 106 172 247
2173	42 146 253 172
2174	235 288 268 89
2175	267 47 236 216
2176	84 51 122 131
2177	249 106 281 22
2178	269 27 24 106
2179	78 299 94 221
2180	111 150 52 57
2181	51 78 286 60
2182	256 184 296 57
2183	300 41 197 285
2184	83 277 12 207
2185	127 74 232 223
2186	194 104 144 79
2187	118 184 261 121
2188	239 113 42 43
2189	88 168 290 300
2190	66 290 199 191
2191	65 138 51 124
2192	237 232 292 273
2193	163 226 106 26
2194	263 195 50 272
2195	197 151 253 184
2196	9 159 11 210
2197	141 267 176 225
2198	102 80 212 177
2199	16 22 202 1
2200	79 120 175 101
2201	76 209 147 38
2202	126 216 171 169
2203	175 198 83 138
2204	292 85 70 71
2205	100 78 202 157
2206	252 112 77 279
2207	221 249 72 262
2208	113 257 33 300
2209	293 64 130 247
2210	267 6 223 1
2211	63 170 263 22
2212	94 227 143 20
2213	292 38 228 258
2214	75 14 164 66
2215	115 40 287 223
2216	98 37 125 155
2217	151 83 123 71
2218	293 248 30 178
2219	222 236 269 162
2220	256 33 101 183
2221	39 98 279 94
2222	159 276 73 11
2223	138 243 15 4
2224	185 38 166 163
2225	104 97 61 184
2226	13 151 50 85
2227	216 101 48 182
2228	58 106 286 97
2229	258 162 62 27
2230	128 194 93 145
2231	163 201 127 115
2232	242 78 255 270
2233	11 294 292 6
2234	297 91 21 219
2235	92 299 201 90
2236	247 33 158 294
2237	89 189 5 128
2238	209 51 91 29
2239	63 222 192 45
2240	162 223 17 60
2241	92 223 206 109
2242	68 230 296 271
2243	90 282 110 141
2244	58 38 127 161
2245	84 230 64 117
2246	134 112 167 90
2247	267 121 33 27
2248	92 122 8 37
2249	236 203 116 33
2250	2 219 213 136
2251	125 157 116 32
2252	236 150 17 274
2253	231 252 56 188
2254	27 168 230 245
2255	41 293 1 119
2256	126 137 123 237
2257	234 200 230 60
2258	187 122 257 104
2259	53 225 67 10
2260	196 32 7 35
2261	173 199 170 121
2262	82 141 187 242
2263	51 102 54 233
2264	220 262 236 174
2265	204 184 191 292
2266	25 71 69 4
2267	264 120 103 291
2268	238 3 83 267
2269	131 7 162 64
2270	293 270 264 208
2271	292 244 11 240
2272	278 98 91 244
2273	179 164 82 290
2274	272 257 24 15
2275	210 19 69 20
2276	226 295 7 32
2277	10 165 109 53
2278	28 230 117 17
2279	134 243 60 54
2280	76 203 276 118
2281	10 187 97 98
2282	82 19 169 6
2283	286 13 172 129
2284	193 42 237 140
2285	162 299 256 60
2286	255 121 12 181
2287	274 40 219 239
2288	40 183 152 134
2289	223 74 1 69
2290	92 103 209 272
2291	133 264 258 66
2292	277 38 134 290
2293	178 12 234 285
2294	159 249 227 114
2295	26 285 88 128
2296	96 264 226 260
2297	9 275 97 283
2298	78 72 220 86
2299	88 285 230 271
2300	7 253 32 4
2301	93 231 294 155
2302	60 138 27 172
2303	125 1 196 3
2304	183 248 255 207
2305	100 179 34 11
2306	98 11 244 186
2307	33 162 16 184
2308	218 274 59 19
2309	192 296 216 41
2310	160 104 96 163
2311	242 163 127 44
2312	204 14 3 86
2313	233 187 154 84
2314	263 153 199 209
2315	270 41 292 121
2316	159 232 244 290
2317	207 197 251 142
2318	85 103 136 221
2319	292 162 104 267
2320	136 210 86 276
2321	241 198 146 109
2322	78 99 149 215
2323	107 216 192 281
2324	164 169 88 132
2325	124 194 288 267
2326	274 135 6 171
2327	37 33 53 202
2328	160 119 115 245
2329	237 35 147 276
2330	206 197 273 158
2331	4 145 108 252
2332	294 180 172 27
2333	51 49 14 280
2334	147 74 48 77
2335	100 184 273 48
2336	216 244 246 119
2337	277 265 198 12
2338	265 242 292 269
2339	63 173 278 53
2340	109 253 199 223
2341	87 197 212 281
2342	130 138 55 95
2343	237 277 182 222
2344	15 16 274 50
2345	147 5 299 161
2346	150 180 289 67
2347	70 8 159 167
2348	266 290 137 154
2349	35 44 262 104
2350	293 106 10 292
2351	168 89 256 143
2352	214 5 127 93
2353	22 92 183 278
2354	238 121 216 66
2355	236 48 258 148
2356	22 200 111 153
2357	151 190 239 276
2358	54 4 209 220
2359	256 281 197 161
2360	189 98 77 20
2361	135 55 177 153
2362	12 91 58 74
2363	299 290 173 103
2364	244 72 175 68
2365	41 269 98 267
2366	30 1 208 124
2367	257 106 201 43
2368	88 213 154 206
2369	153 292 33 66
2370	4 190 110 81
2371	40 90 261 290
2372	266 1 204 256
2373	286 200 77 143
2374	100 12 137 129
2375	287 60 99 137
2376	218 27 272 216
2377	87 289 135 273
2378	284 292 52 189
2379	154 29 262 63
2380	203 77 207 275
2381	47 103 64 90
2382	223 80 197 59
2383	150 6 140 44
2384	213 165 82 246
2385	70 72 201 231
2386	215 59 206 111
2387	139 34 264 148
2388	36 91 217 81
2389	150 259 147 8
2390	300 176 215 129
2391	252 42 30 187
2392	105 199 193 235
2393	269 217 22 203
2394	112 280 138 124
2395	284 31 224 50
2396	23 125 40 52
2397	3 4 183 253
2398	7 20 6 271
2399	131 62 76 73
2400	3 89 130 229
2401	41 38 245 176
